; from http://www.meteo.psu.edu/holocene/public_html/supplements/MultiproxyMeans07/
; found at bottom of the page as the data for the blue line in the section where
; the effects of the seven potentially problematic proxies are discussed
;
; format is [year:anomaly(deg C)]
   5.0100000e+02  -3.4786136e-01
   5.0200000e+02  -3.3935701e-01
   5.0300000e+02  -3.2940641e-01
   5.0400000e+02  -3.1830688e-01
   5.0500000e+02  -3.0632571e-01
   5.0600000e+02  -2.9369749e-01
   5.0700000e+02  -2.8062609e-01
   5.0800000e+02  -2.6729016e-01
   5.0900000e+02  -2.5385070e-01
   5.1000000e+02  -2.4045919e-01
   5.1100000e+02  -2.2726483e-01
   5.1200000e+02  -2.1441975e-01
   5.1300000e+02  -2.0208137e-01
   5.1400000e+02  -1.9041147e-01
   5.1500000e+02  -1.7957213e-01
   5.1600000e+02  -1.6971896e-01
   5.1700000e+02  -1.6099266e-01
   5.1800000e+02  -1.5350977e-01
   5.1900000e+02  -1.4735422e-01
   5.2000000e+02  -1.4257068e-01
   5.2100000e+02  -1.3916088e-01
   5.2200000e+02  -1.3708366e-01
   5.2300000e+02  -1.3625909e-01
   5.2400000e+02  -1.3657663e-01
   5.2500000e+02  -1.3790656e-01
   5.2600000e+02  -1.4011387e-01
   5.2700000e+02  -1.4307304e-01
   5.2800000e+02  -1.4668220e-01
   5.2900000e+02  -1.5087505e-01
   5.3000000e+02  -1.5562893e-01
   5.3100000e+02  -1.6096784e-01
   5.3200000e+02  -1.6695975e-01
   5.3300000e+02  -1.7370779e-01
   5.3400000e+02  -1.8133592e-01
   5.3500000e+02  -1.8996994e-01
   5.3600000e+02  -1.9971547e-01
   5.3700000e+02  -2.1063484e-01
   5.3800000e+02  -2.2272503e-01
   5.3900000e+02  -2.3589897e-01
   5.4000000e+02  -2.4997214e-01
   5.4100000e+02  -2.6465621e-01
   5.4200000e+02  -2.7956076e-01
   5.4300000e+02  -2.9420359e-01
   5.4400000e+02  -3.0802927e-01
   5.4500000e+02  -3.2043506e-01
   5.4600000e+02  -3.3080246e-01
   5.4700000e+02  -3.3853235e-01
   5.4800000e+02  -3.4308128e-01
   5.4900000e+02  -3.4399637e-01
   5.5000000e+02  -3.4094625e-01
   5.5100000e+02  -3.3374594e-01
   5.5200000e+02  -3.2237393e-01
   5.5300000e+02  -3.0698007e-01
   5.5400000e+02  -2.8788396e-01
   5.5500000e+02  -2.6556372e-01
   5.5600000e+02  -2.4063590e-01
   5.5700000e+02  -2.1382772e-01
   5.5800000e+02  -1.8594343e-01
   5.5900000e+02  -1.5782653e-01
   5.6000000e+02  -1.3032022e-01
   5.6100000e+02  -1.0422804e-01
   5.6200000e+02  -8.0276826e-02
   5.6300000e+02  -5.9083949e-02
   5.6400000e+02  -4.1130218e-02
   5.6500000e+02  -2.6739854e-02
   5.6600000e+02  -1.6068337e-02
   5.6700000e+02  -9.0986016e-03
   5.6800000e+02  -5.6456655e-03
   5.6900000e+02  -5.3693852e-03
   5.7000000e+02  -7.7946429e-03
   5.7100000e+02  -1.2337945e-02
   5.7200000e+02  -1.8339094e-02
   5.7300000e+02  -2.5096336e-02
   5.7400000e+02  -3.1903179e-02
   5.7500000e+02  -3.8084978e-02
   5.7600000e+02  -4.3033315e-02
   5.7700000e+02  -4.6236307e-02
   5.7800000e+02  -4.7303161e-02
   5.7900000e+02  -4.5981586e-02
   5.8000000e+02  -4.2167109e-02
   5.8100000e+02  -3.5903802e-02
   5.8200000e+02  -2.7376531e-02
   5.8300000e+02  -1.6895348e-02
   5.8400000e+02  -4.8732062e-03
   5.8500000e+02   8.2013565e-03
   5.8600000e+02   2.1794627e-02
   5.8700000e+02   3.5359063e-02
   5.8800000e+02   4.8363430e-02
   5.8900000e+02   6.0319740e-02
   5.9000000e+02   7.0805324e-02
   5.9100000e+02   7.9478814e-02
   5.9200000e+02   8.6089339e-02
   5.9300000e+02   9.0478817e-02
   5.9400000e+02   9.2577750e-02
   5.9500000e+02   9.2395444e-02
   5.9600000e+02   9.0005932e-02
   5.9700000e+02   8.5531158e-02
   5.9800000e+02   7.9123072e-02
   5.9900000e+02   7.0946276e-02
   6.0000000e+02   6.1162694e-02
   6.0100000e+02   4.9919476e-02
   6.0200000e+02   3.7341028e-02
   6.0300000e+02   2.3525645e-02
   6.0400000e+02   8.5468552e-03
   6.0500000e+02  -7.5408255e-03
   6.0600000e+02  -2.4692361e-02
   6.0700000e+02  -4.2859830e-02
   6.0800000e+02  -6.1978399e-02
   6.0900000e+02  -8.1951952e-02
   6.1000000e+02  -1.0263979e-01
   6.1100000e+02  -1.2384576e-01
   6.1200000e+02  -1.4531118e-01
   6.1300000e+02  -1.6671255e-01
   6.1400000e+02  -1.8766499e-01
   6.1500000e+02  -2.0773186e-01
   6.1600000e+02  -2.2644047e-01
   6.1700000e+02  -2.4330374e-01
   6.1800000e+02  -2.5784655e-01
   6.1900000e+02  -2.6963554e-01
   6.2000000e+02  -2.7831043e-01
   6.2100000e+02  -2.8361446e-01
   6.2200000e+02  -2.8542174e-01
   6.2300000e+02  -2.8375871e-01
   6.2400000e+02  -2.7881752e-01
   6.2500000e+02  -2.7095940e-01
   6.2600000e+02  -2.6070651e-01
   6.2700000e+02  -2.4872199e-01
   6.2800000e+02  -2.3577838e-01
   6.2900000e+02  -2.2271602e-01
   6.3000000e+02  -2.1039365e-01
   6.3100000e+02  -1.9963454e-01
   6.3200000e+02  -1.9117208e-01
   6.3300000e+02  -1.8559880e-01
   6.3400000e+02  -1.8332332e-01
   6.3500000e+02  -1.8453872e-01
   6.3600000e+02  -1.8920557e-01
   6.3700000e+02  -1.9705139e-01
   6.3800000e+02  -2.0758731e-01
   6.3900000e+02  -2.2014094e-01
   6.4000000e+02  -2.3390332e-01
   6.4100000e+02  -2.4798639e-01
   6.4200000e+02  -2.6148643e-01
   6.4300000e+02  -2.7354832e-01
   6.4400000e+02  -2.8342546e-01
   6.4500000e+02  -2.9053015e-01
   6.4600000e+02  -2.9447048e-01
   6.4700000e+02  -2.9507068e-01
   6.4800000e+02  -2.9237345e-01
   6.4900000e+02  -2.8662435e-01
   6.5000000e+02  -2.7824028e-01
   6.5100000e+02  -2.6776499e-01
   6.5200000e+02  -2.5581625e-01
   6.5300000e+02  -2.4302967e-01
   6.5400000e+02  -2.3000454e-01
   6.5500000e+02  -2.1725664e-01
   6.5600000e+02  -2.0518235e-01
   6.5700000e+02  -1.9403679e-01
   6.5800000e+02  -1.8392780e-01
   6.5900000e+02  -1.7482534e-01
   6.6000000e+02  -1.6658482e-01
   6.6100000e+02  -1.5898104e-01
   6.6200000e+02  -1.5174899e-01
   6.6300000e+02  -1.4462644e-01
   6.6400000e+02  -1.3739392e-01
   6.6500000e+02  -1.2990767e-01
   6.6600000e+02  -1.2212214e-01
   6.6700000e+02  -1.1409994e-01
   6.6800000e+02  -1.0600845e-01
   6.6900000e+02  -9.8103972e-02
   6.7000000e+02  -9.0705391e-02
   6.7100000e+02  -8.4160631e-02
   6.7200000e+02  -7.8809898e-02
   6.7300000e+02  -7.4949856e-02
   6.7400000e+02  -7.2802772e-02
   6.7500000e+02  -7.2494002e-02
   6.7600000e+02  -7.4040179e-02
   6.7700000e+02  -7.7349226e-02
   6.7800000e+02  -8.2231971e-02
   6.7900000e+02  -8.8423848e-02
   6.8000000e+02  -9.5614063e-02
   6.8100000e+02  -1.0347881e-01
   6.8200000e+02  -1.1171474e-01
   6.8300000e+02  -1.2006890e-01
   6.8400000e+02  -1.2836181e-01
   6.8500000e+02  -1.3650116e-01
   6.8600000e+02  -1.4448474e-01
   6.8700000e+02  -1.5239230e-01
   6.8800000e+02  -1.6036743e-01
   6.8900000e+02  -1.6859157e-01
   6.9000000e+02  -1.7725314e-01
   6.9100000e+02  -1.8651525e-01
   6.9200000e+02  -1.9648573e-01
   6.9300000e+02  -2.0719286e-01
   6.9400000e+02  -2.1856954e-01
   6.9500000e+02  -2.3044786e-01
   6.9600000e+02  -2.4256480e-01
   6.9700000e+02  -2.5457864e-01
   6.9800000e+02  -2.6609465e-01
   6.9900000e+02  -2.7669743e-01
   7.0000000e+02  -2.8598678e-01
   7.0100000e+02  -2.9361345e-01
   7.0200000e+02  -2.9931120e-01
   7.0300000e+02  -3.0292188e-01
   7.0400000e+02  -3.0441085e-01
   7.0500000e+02  -3.0387120e-01
   7.0600000e+02  -3.0151596e-01
   7.0700000e+02  -2.9765906e-01
   7.0800000e+02  -2.9268647e-01
   7.0900000e+02  -2.8702028e-01
   7.1000000e+02  -2.8107894e-01
   7.1100000e+02  -2.7523744e-01
   7.1200000e+02  -2.6979115e-01
   7.1300000e+02  -2.6492691e-01
   7.1400000e+02  -2.6070433e-01
   7.1500000e+02  -2.5704913e-01
   7.1600000e+02  -2.5375978e-01
   7.1700000e+02  -2.5052694e-01
   7.1800000e+02  -2.4696448e-01
   7.1900000e+02  -2.4264954e-01
   7.2000000e+02  -2.3716812e-01
   7.2100000e+02  -2.3016255e-01
   7.2200000e+02  -2.2137622e-01
   7.2300000e+02  -2.1069183e-01
   7.2400000e+02  -1.9815923e-01
   7.2500000e+02  -1.8401023e-01
   7.2600000e+02  -1.6865851e-01
   7.2700000e+02  -1.5268410e-01
   7.2800000e+02  -1.3680326e-01
   7.2900000e+02  -1.2182572e-01
   7.3000000e+02  -1.0860240e-01
   7.3100000e+02  -9.7967505e-02
   7.3200000e+02  -9.0679419e-02
   7.3300000e+02  -8.7364907e-02
   7.3400000e+02  -8.8470905e-02
   7.3500000e+02  -9.4227514e-02
   7.3600000e+02  -1.0462495e-01
   7.3700000e+02  -1.1940609e-01
   7.3800000e+02  -1.3807491e-01
   7.3900000e+02  -1.5992025e-01
   7.4000000e+02  -1.8405269e-01
   7.4100000e+02  -2.0945195e-01
   7.4200000e+02  -2.3502143e-01
   7.4300000e+02  -2.5964589e-01
   7.4400000e+02  -2.8224891e-01
   7.4500000e+02  -3.0184624e-01
   7.4600000e+02  -3.1759252e-01
   7.4700000e+02  -3.2881885e-01
   7.4800000e+02  -3.3505974e-01
   7.4900000e+02  -3.3606899e-01
   7.5000000e+02  -3.3182420e-01
   7.5100000e+02  -3.2252079e-01
   7.5200000e+02  -3.0855662e-01
   7.5300000e+02  -2.9050839e-01
   7.5400000e+02  -2.6910169e-01
   7.5500000e+02  -2.4517605e-01
   7.5600000e+02  -2.1964666e-01
   7.5700000e+02  -1.9346418e-01
   7.5800000e+02  -1.6757411e-01
   7.5900000e+02  -1.4287687e-01
   7.6000000e+02  -1.2019010e-01
   7.6100000e+02  -1.0021441e-01
   7.6200000e+02  -8.3503865e-02
   7.6300000e+02  -7.0442641e-02
   7.6400000e+02  -6.1229134e-02
   7.6500000e+02  -5.5868608e-02
   7.6600000e+02  -5.4175313e-02
   7.6700000e+02  -5.5784517e-02
   7.6800000e+02  -6.0174407e-02
   7.6900000e+02  -6.6697163e-02
   7.7000000e+02  -7.4617840e-02
   7.7100000e+02  -8.3159025e-02
   7.7200000e+02  -9.1548629e-02
   7.7300000e+02  -9.9067779e-02
   7.7400000e+02  -1.0509553e-01
   7.7500000e+02  -1.0914716e-01
   7.7600000e+02  -1.1090328e-01
   7.7700000e+02  -1.1022725e-01
   7.7800000e+02  -1.0716978e-01
   7.7900000e+02  -1.0196007e-01
   7.8000000e+02  -9.4984265e-02
   7.8100000e+02  -8.6752916e-02
   7.8200000e+02  -7.7860189e-02
   7.8300000e+02  -6.8938102e-02
   7.8400000e+02  -6.0609623e-02
   7.8500000e+02  -5.3444435e-02
   7.8600000e+02  -4.7920898e-02
   7.8700000e+02  -4.4397099e-02
   7.8800000e+02  -4.3092972e-02
   7.8900000e+02  -4.4084413e-02
   7.9000000e+02  -4.7309131e-02
   7.9100000e+02  -5.2582927e-02
   7.9200000e+02  -5.9624137e-02
   7.9300000e+02  -6.8083312e-02
   7.9400000e+02  -7.7574869e-02
   7.9500000e+02  -8.7707464e-02
   7.9600000e+02  -9.8110175e-02
   7.9700000e+02  -1.0845228e-01
   7.9800000e+02  -1.1845527e-01
   7.9900000e+02  -1.2789670e-01
   8.0000000e+02  -1.3660656e-01
   8.0100000e+02  -1.4445766e-01
   8.0200000e+02  -1.5135224e-01
   8.0300000e+02  -1.5720726e-01
   8.0400000e+02  -1.6194125e-01
   8.0500000e+02  -1.6546473e-01
   8.0600000e+02  -1.6767625e-01
   8.0700000e+02  -1.6846495e-01
   8.0800000e+02  -1.6771958e-01
   8.0900000e+02  -1.6534328e-01
   8.1000000e+02  -1.6127231e-01
   8.1100000e+02  -1.5549625e-01
   8.1200000e+02  -1.4807710e-01
   8.1300000e+02  -1.3916440e-01
   8.1400000e+02  -1.2900387e-01
   8.1500000e+02  -1.1793768e-01
   8.1600000e+02  -1.0639539e-01
   8.1700000e+02  -9.4875429e-02
   8.1800000e+02  -8.3918193e-02
   8.1900000e+02  -7.4072714e-02
   8.2000000e+02  -6.5859634e-02
   8.2100000e+02  -5.9733766e-02
   8.2200000e+02  -5.6049619e-02
   8.2300000e+02  -5.5033140e-02
   8.2400000e+02  -5.6762320e-02
   8.2500000e+02  -6.1158560e-02
   8.2600000e+02  -6.7989644e-02
   8.2700000e+02  -7.6884083e-02
   8.2800000e+02  -8.7355559e-02
   8.2900000e+02  -9.8835243e-02
   8.3000000e+02  -1.1070914e-01
   8.3100000e+02  -1.2235723e-01
   8.3200000e+02  -1.3319111e-01
   8.3300000e+02  -1.4268727e-01
   8.3400000e+02  -1.5041355e-01
   8.3500000e+02  -1.5604731e-01
   8.3600000e+02  -1.5938453e-01
   8.3700000e+02  -1.6034029e-01
   8.3800000e+02  -1.5894149e-01
   8.3900000e+02  -1.5531362e-01
   8.4000000e+02  -1.4966373e-01
   8.4100000e+02  -1.4226151e-01
   8.4200000e+02  -1.3342080e-01
   8.4300000e+02  -1.2348291e-01
   8.4400000e+02  -1.1280276e-01
   8.4500000e+02  -1.0173833e-01
   8.4600000e+02  -9.0642976e-02
   8.4700000e+02  -7.9859880e-02
   8.4800000e+02  -6.9717341e-02
   8.4900000e+02  -6.0523694e-02
   8.5000000e+02  -5.2560571e-02
   8.5100000e+02  -4.6073727e-02
   8.5200000e+02  -4.1261149e-02
   8.5300000e+02  -3.8258868e-02
   8.5400000e+02  -3.7125583e-02
   8.5500000e+02  -3.7827839e-02
   8.5600000e+02  -4.0227922e-02
   8.5700000e+02  -4.4076837e-02
   8.5800000e+02  -4.9014586e-02
   8.5900000e+02  -5.4579512e-02
   8.6000000e+02  -6.0227707e-02
   8.6100000e+02  -6.5362494e-02
   8.6200000e+02  -6.9372847e-02
   8.6300000e+02  -7.1678460e-02
   8.6400000e+02  -7.1778167e-02
   8.6500000e+02  -6.9297620e-02
   8.6600000e+02  -6.4031732e-02
   8.6700000e+02  -5.5977425e-02
   8.6800000e+02  -4.5352709e-02
   8.6900000e+02  -3.2599113e-02
   8.7000000e+02  -1.8365781e-02
   8.7100000e+02  -3.4752094e-03
   8.7200000e+02   1.1127713e-02
   8.7300000e+02   2.4440012e-02
   8.7400000e+02   3.5473481e-02
   8.7500000e+02   4.3330257e-02
   8.7600000e+02   4.7274724e-02
   8.7700000e+02   4.6795406e-02
   8.7800000e+02   4.1651177e-02
   8.7900000e+02   3.1897282e-02
   8.8000000e+02   1.7888387e-02
   8.8100000e+02   2.5779094e-04
   8.8200000e+02  -2.0125914e-02
   8.8300000e+02  -4.2221471e-02
   8.8400000e+02  -6.4891815e-02
   8.8500000e+02  -8.6988819e-02
   8.8600000e+02  -1.0743882e-01
   8.8700000e+02  -1.2532168e-01
   8.8800000e+02  -1.3993683e-01
   8.8900000e+02  -1.5085055e-01
   8.9000000e+02  -1.5792095e-01
   8.9100000e+02  -1.6129834e-01
   8.9200000e+02  -1.6140168e-01
   8.9300000e+02  -1.5887311e-01
   8.9400000e+02  -1.5451493e-01
   8.9500000e+02  -1.4921472e-01
   8.9600000e+02  -1.4386523e-01
   8.9700000e+02  -1.3928588e-01
   8.9800000e+02  -1.3615289e-01
   8.9900000e+02  -1.3494348e-01
   9.0000000e+02  -1.3589905e-01
   9.0100000e+02  -1.3900992e-01
   9.0200000e+02  -1.4402259e-01
   9.0300000e+02  -1.5046852e-01
   9.0400000e+02  -1.5771167e-01
   9.0500000e+02  -1.6501024e-01
   9.0600000e+02  -1.7158748e-01
   9.0700000e+02  -1.7670516e-01
   9.0800000e+02  -1.7973374e-01
   9.0900000e+02  -1.8021330e-01
   9.1000000e+02  -1.7790027e-01
   9.1100000e+02  -1.7279634e-01
   9.1200000e+02  -1.6515708e-01
   9.1300000e+02  -1.5547981e-01
   9.1400000e+02  -1.4447166e-01
   9.1500000e+02  -1.3300027e-01
   9.1600000e+02  -1.2203094e-01
   9.1700000e+02  -1.1255510e-01
   9.1800000e+02  -1.0551532e-01
   9.1900000e+02  -1.0173267e-01
   9.2000000e+02  -1.0184164e-01
   9.2100000e+02  -1.0623761e-01
   9.2200000e+02  -1.1504069e-01
   9.2300000e+02  -1.2807877e-01
   9.2400000e+02  -1.4489112e-01
   9.2500000e+02  -1.6475251e-01
   9.2600000e+02  -1.8671632e-01
   9.2700000e+02  -2.0967384e-01
   9.2800000e+02  -2.3242573e-01
   9.2900000e+02  -2.5376069e-01
   9.3000000e+02  -2.7253597e-01
   9.3100000e+02  -2.8775402e-01
   9.3200000e+02  -2.9862976e-01
   9.3300000e+02  -3.0464375e-01
   9.3400000e+02  -3.0557712e-01
   9.3500000e+02  -3.0152572e-01
   9.3600000e+02  -2.9289216e-01
   9.3700000e+02  -2.8035601e-01
   9.3800000e+02  -2.6482410e-01
   9.3900000e+02  -2.4736430e-01
   9.4000000e+02  -2.2912729e-01
   9.4100000e+02  -2.1126198e-01
   9.4200000e+02  -1.9483066e-01
   9.4300000e+02  -1.8073015e-01
   9.4400000e+02  -1.6962472e-01
   9.4500000e+02  -1.6189611e-01
   9.4600000e+02  -1.5761430e-01
   9.4700000e+02  -1.5653165e-01
   9.4800000e+02  -1.5810101e-01
   9.4900000e+02  -1.6151673e-01
   9.5000000e+02  -1.6577573e-01
   9.5100000e+02  -1.6975427e-01
   9.5200000e+02  -1.7229476e-01
   9.5300000e+02  -1.7229613e-01
   9.5400000e+02  -1.6880089e-01
   9.5500000e+02  -1.6107233e-01
   9.5600000e+02  -1.4865584e-01
   9.5700000e+02  -1.3141945e-01
   9.5800000e+02  -1.0957049e-01
   9.5900000e+02  -8.3646887e-02
   9.6000000e+02  -5.4483610e-02
   9.6100000e+02  -2.3156792e-02
   9.6200000e+02   9.0902168e-03
   9.6300000e+02   4.0933201e-02
   9.6400000e+02   7.1059130e-02
   9.6500000e+02   9.8256770e-02
   9.6600000e+02   1.2149883e-01
   9.6700000e+02   1.4000933e-01
   9.6800000e+02   1.5331099e-01
   9.6900000e+02   1.6124929e-01
   9.7000000e+02   1.6399145e-01
   9.7100000e+02   1.6200096e-01
   9.7200000e+02   1.5599002e-01
   9.7300000e+02   1.4685420e-01
   9.7400000e+02   1.3559494e-01
   9.7500000e+02   1.2323655e-01
   9.7600000e+02   1.1074453e-01
   9.7700000e+02   9.8952063e-02
   9.7800000e+02   8.8500477e-02
   9.7900000e+02   7.9798331e-02
   9.8000000e+02   7.3002049e-02
   9.8100000e+02   6.8019123e-02
   9.8200000e+02   6.4532912e-02
   9.8300000e+02   6.2046269e-02
   9.8400000e+02   5.9939590e-02
   9.8500000e+02   5.7537742e-02
   9.8600000e+02   5.4179675e-02
   9.8700000e+02   4.9284411e-02
   9.8800000e+02   4.2407585e-02
   9.8900000e+02   3.3283699e-02
   9.9000000e+02   2.1850646e-02
   9.9100000e+02   8.2547404e-03
   9.9200000e+02  -7.1636668e-03
   9.9300000e+02  -2.3902186e-02
   9.9400000e+02  -4.1342584e-02
   9.9500000e+02  -5.8806556e-02
   9.9600000e+02  -7.5615680e-02
   9.9700000e+02  -9.1149894e-02
   9.9800000e+02  -1.0489910e-01
   9.9900000e+02  -1.1650328e-01
   1.0000000e+03  -1.2577765e-01
   1.0010000e+03  -1.3272090e-01
   1.0020000e+03  -1.3750616e-01
   1.0030000e+03  -1.4045599e-01
   1.0040000e+03  -1.4200412e-01
   1.0050000e+03  -1.4264791e-01
   1.0060000e+03  -1.4289626e-01
   1.0070000e+03  -1.4321807e-01
   1.0080000e+03  -1.4399612e-01
   1.0090000e+03  -1.4549081e-01
   1.0100000e+03  -1.4781700e-01
   1.0110000e+03  -1.5093602e-01
   1.0120000e+03  -1.5466340e-01
   1.0130000e+03  -1.5869146e-01
   1.0140000e+03  -1.6262434e-01
   1.0150000e+03  -1.6602201e-01
   1.0160000e+03  -1.6844901e-01
   1.0170000e+03  -1.6952309e-01
   1.0180000e+03  -1.6895913e-01
   1.0190000e+03  -1.6660406e-01
   1.0200000e+03  -1.6245935e-01
   1.0210000e+03  -1.5668897e-01
   1.0220000e+03  -1.4961178e-01
   1.0230000e+03  -1.4167909e-01
   1.0240000e+03  -1.3343918e-01
   1.0250000e+03  -1.2549210e-01
   1.0260000e+03  -1.1843864e-01
   1.0270000e+03  -1.1282816e-01
   1.0280000e+03  -1.0910991e-01
   1.0290000e+03  -1.0759222e-01
   1.0300000e+03  -1.0841329e-01
   1.0310000e+03  -1.1152599e-01
   1.0320000e+03  -1.1669825e-01
   1.0330000e+03  -1.2352876e-01
   1.0340000e+03  -1.3147675e-01
   1.0350000e+03  -1.3990312e-01
   1.0360000e+03  -1.4811927e-01
   1.0370000e+03  -1.5543971e-01
   1.0380000e+03  -1.6123361e-01
   1.0390000e+03  -1.6497140e-01
   1.0400000e+03  -1.6626258e-01
   1.0410000e+03  -1.6488183e-01
   1.0420000e+03  -1.6078185e-01
   1.0430000e+03  -1.5409223e-01
   1.0440000e+03  -1.4510519e-01
   1.0450000e+03  -1.3424971e-01
   1.0460000e+03  -1.2205690e-01
   1.0470000e+03  -1.0911969e-01
   1.0480000e+03  -9.6050459e-02
   1.0490000e+03  -8.3439964e-02
   1.0500000e+03  -7.1820787e-02
   1.0510000e+03  -6.1637756e-02
   1.0520000e+03  -5.3227107e-02
   1.0530000e+03  -4.6805257e-02
   1.0540000e+03  -4.2467166e-02
   1.0550000e+03  -4.0193479e-02
   1.0560000e+03  -3.9864979e-02
   1.0570000e+03  -4.1282400e-02
   1.0580000e+03  -4.4189408e-02
   1.0590000e+03  -4.8296542e-02
   1.0600000e+03  -5.3304050e-02
   1.0610000e+03  -5.8921929e-02
   1.0620000e+03  -6.4885912e-02
   1.0630000e+03  -7.0968670e-02
   1.0640000e+03  -7.6986034e-02
   1.0650000e+03  -8.2798512e-02
   1.0660000e+03  -8.8308791e-02
   1.0670000e+03  -9.3456207e-02
   1.0680000e+03  -9.8209329e-02
   1.0690000e+03  -1.0255786e-01
   1.0700000e+03  -1.0650495e-01
   1.0710000e+03  -1.1006095e-01
   1.0720000e+03  -1.1323913e-01
   1.0730000e+03  -1.1605396e-01
   1.0740000e+03  -1.1852191e-01
   1.0750000e+03  -1.2066449e-01
   1.0760000e+03  -1.2251316e-01
   1.0770000e+03  -1.2411519e-01
   1.0780000e+03  -1.2553976e-01
   1.0790000e+03  -1.2688321e-01
   1.0800000e+03  -1.2827260e-01
   1.0810000e+03  -1.2986679e-01
   1.0820000e+03  -1.3185438e-01
   1.0830000e+03  -1.3444839e-01
   1.0840000e+03  -1.3787744e-01
   1.0850000e+03  -1.4237401e-01
   1.0860000e+03  -1.4816042e-01
   1.0870000e+03  -1.5543334e-01
   1.0880000e+03  -1.6434828e-01
   1.0890000e+03  -1.7500513e-01
   1.0900000e+03  -1.8743615e-01
   1.0910000e+03  -2.0159761e-01
   1.0920000e+03  -2.1736589e-01
   1.0930000e+03  -2.3453879e-01
   1.0940000e+03  -2.5284219e-01
   1.0950000e+03  -2.7194181e-01
   1.0960000e+03  -2.9145946e-01
   1.0970000e+03  -3.1099267e-01
   1.0980000e+03  -3.3013629e-01
   1.0990000e+03  -3.4850466e-01
   1.1000000e+03  -3.6575251e-01
   1.1010000e+03  -3.8159311e-01
   1.1020000e+03  -3.9581228e-01
   1.1030000e+03  -4.0827727e-01
   1.1040000e+03  -4.1893967e-01
   1.1050000e+03  -4.2783244e-01
   1.1060000e+03  -4.3506105e-01
   1.1070000e+03  -4.4078968e-01
   1.1080000e+03  -4.4522356e-01
   1.1090000e+03  -4.4858884e-01
   1.1100000e+03  -4.5111169e-01
   1.1110000e+03  -4.5299822e-01
   1.1120000e+03  -4.5441698e-01
   1.1130000e+03  -4.5548531e-01
   1.1140000e+03  -4.5626078e-01
   1.1150000e+03  -4.5673833e-01
   1.1160000e+03  -4.5685342e-01
   1.1170000e+03  -4.5649097e-01
   1.1180000e+03  -4.5549945e-01
   1.1190000e+03  -4.5370880e-01
   1.1200000e+03  -4.5095111e-01
   1.1210000e+03  -4.4708196e-01
   1.1220000e+03  -4.4200093e-01
   1.1230000e+03  -4.3566942e-01
   1.1240000e+03  -4.2812415e-01
   1.1250000e+03  -4.1948516e-01
   1.1260000e+03  -4.0995733e-01
   1.1270000e+03  -3.9982507e-01
   1.1280000e+03  -3.8944029e-01
   1.1290000e+03  -3.7920434e-01
   1.1300000e+03  -3.6954498e-01
   1.1310000e+03  -3.6088995e-01
   1.1320000e+03  -3.5363910e-01
   1.1330000e+03  -3.4813691e-01
   1.1340000e+03  -3.4464768e-01
   1.1350000e+03  -3.4333507e-01
   1.1360000e+03  -3.4424792e-01
   1.1370000e+03  -3.4731343e-01
   1.1380000e+03  -3.5233844e-01
   1.1390000e+03  -3.5901922e-01
   1.1400000e+03  -3.6695908e-01
   1.1410000e+03  -3.7569294e-01
   1.1420000e+03  -3.8471724e-01
   1.1430000e+03  -3.9352308e-01
   1.1440000e+03  -4.0163033e-01
   1.1450000e+03  -4.0861991e-01
   1.1460000e+03  -4.1416204e-01
   1.1470000e+03  -4.1803781e-01
   1.1480000e+03  -4.2015231e-01
   1.1490000e+03  -4.2053797e-01
   1.1500000e+03  -4.1934755e-01
   1.1510000e+03  -4.1683700e-01
   1.1520000e+03  -4.1333928e-01
   1.1530000e+03  -4.0923128e-01
   1.1540000e+03  -4.0489622e-01
   1.1550000e+03  -4.0068500e-01
   1.1560000e+03  -3.9687981e-01
   1.1570000e+03  -3.9366349e-01
   1.1580000e+03  -3.9109774e-01
   1.1590000e+03  -3.8911264e-01
   1.1600000e+03  -3.8750910e-01
   1.1610000e+03  -3.8597464e-01
   1.1620000e+03  -3.8411176e-01
   1.1630000e+03  -3.8147697e-01
   1.1640000e+03  -3.7762736e-01
   1.1650000e+03  -3.7217088e-01
   1.1660000e+03  -3.6481565e-01
   1.1670000e+03  -3.5541381e-01
   1.1680000e+03  -3.4399534e-01
   1.1690000e+03  -3.3078818e-01
   1.1700000e+03  -3.1622172e-01
   1.1710000e+03  -3.0091259e-01
   1.1720000e+03  -2.8563244e-01
   1.1730000e+03  -2.7125983e-01
   1.1740000e+03  -2.5871912e-01
   1.1750000e+03  -2.4891097e-01
   1.1760000e+03  -2.4263985e-01
   1.1770000e+03  -2.4054443e-01
   1.1780000e+03  -2.4303677e-01
   1.1790000e+03  -2.5025577e-01
   1.1800000e+03  -2.6203922e-01
   1.1810000e+03  -2.7791754e-01
   1.1820000e+03  -2.9713057e-01
   1.1830000e+03  -3.1866688e-01
   1.1840000e+03  -3.4132338e-01
   1.1850000e+03  -3.6378113e-01
   1.1860000e+03  -3.8469195e-01
   1.1870000e+03  -4.0276953e-01
   1.1880000e+03  -4.1687822e-01
   1.1890000e+03  -4.2611261e-01
   1.1900000e+03  -4.2986199e-01
   1.1910000e+03  -4.2785449e-01
   1.1920000e+03  -4.2017759e-01
   1.1930000e+03  -4.0727328e-01
   1.1940000e+03  -3.8990811e-01
   1.1950000e+03  -3.6912046e-01
   1.1960000e+03  -3.4614884e-01
   1.1970000e+03  -3.2234662e-01
   1.1980000e+03  -2.9908957e-01
   1.1990000e+03  -2.7768304e-01
   1.2000000e+03  -2.5927541e-01
   1.2010000e+03  -2.4478418e-01
   1.2020000e+03  -2.3483979e-01
   1.2030000e+03  -2.2975074e-01
   1.2040000e+03  -2.2949230e-01
   1.2050000e+03  -2.3371870e-01
   1.2060000e+03  -2.4179758e-01
   1.2070000e+03  -2.5286321e-01
   1.2080000e+03  -2.6588418e-01
   1.2090000e+03  -2.7973997e-01
   1.2100000e+03  -2.9330065e-01
   1.2110000e+03  -3.0550342e-01
   1.2120000e+03  -3.1542088e-01
   1.2130000e+03  -3.2231604e-01
   1.2140000e+03  -3.2568086e-01
   1.2150000e+03  -3.2525620e-01
   1.2160000e+03  -3.2103268e-01
   1.2170000e+03  -3.1323367e-01
   1.2180000e+03  -3.0228257e-01
   1.2190000e+03  -2.8875826e-01
   1.2200000e+03  -2.7334278e-01
   1.2210000e+03  -2.5676618e-01
   1.2220000e+03  -2.3975315e-01
   1.2230000e+03  -2.2297581e-01
   1.2240000e+03  -2.0701606e-01
   1.2250000e+03  -1.9234001e-01
   1.2260000e+03  -1.7928559e-01
   1.2270000e+03  -1.6806334e-01
   1.2280000e+03  -1.5876881e-01
   1.2290000e+03  -1.5140435e-01
   1.2300000e+03  -1.4590684e-01
   1.2310000e+03  -1.4217783e-01
   1.2320000e+03  -1.4011222e-01
   1.2330000e+03  -1.3962207e-01
   1.2340000e+03  -1.4065279e-01
   1.2350000e+03  -1.4318987e-01
   1.2360000e+03  -1.4725542e-01
   1.2370000e+03  -1.5289510e-01
   1.2380000e+03  -1.6015710e-01
   1.2390000e+03  -1.6906575e-01
   1.2400000e+03  -1.7959313e-01
   1.2410000e+03  -1.9163244e-01
   1.2420000e+03  -2.0497673e-01
   1.2430000e+03  -2.1930632e-01
   1.2440000e+03  -2.3418729e-01
   1.2450000e+03  -2.4908257e-01
   1.2460000e+03  -2.6337574e-01
   1.2470000e+03  -2.7640644e-01
   1.2480000e+03  -2.8751488e-01
   1.2490000e+03  -2.9609224e-01
   1.2500000e+03  -3.0163232e-01
   1.2510000e+03  -3.0378015e-01
   1.2520000e+03  -3.0237269e-01
   1.2530000e+03  -2.9746751e-01
   1.2540000e+03  -2.8935602e-01
   1.2550000e+03  -2.7855927e-01
   1.2560000e+03  -2.6580549e-01
   1.2570000e+03  -2.5199029e-01
   1.2580000e+03  -2.3812188e-01
   1.2590000e+03  -2.2525518e-01
   1.2600000e+03  -2.1441959e-01
   1.2610000e+03  -2.0654606e-01
   1.2620000e+03  -2.0239927e-01
   1.2630000e+03  -2.0252039e-01
   1.2640000e+03  -2.0718532e-01
   1.2650000e+03  -2.1638198e-01
   1.2660000e+03  -2.2980871e-01
   1.2670000e+03  -2.4689426e-01
   1.2680000e+03  -2.6683801e-01
   1.2690000e+03  -2.8866722e-01
   1.2700000e+03  -3.1130700e-01
   1.2710000e+03  -3.3365736e-01
   1.2720000e+03  -3.5467128e-01
   1.2730000e+03  -3.7342742e-01
   1.2740000e+03  -3.8919198e-01
   1.2750000e+03  -4.0146468e-01
   1.2760000e+03  -4.1000541e-01
   1.2770000e+03  -4.1483990e-01
   1.2780000e+03  -4.1624413e-01
   1.2790000e+03  -4.1470928e-01
   1.2800000e+03  -4.1089065e-01
   1.2810000e+03  -4.0554495e-01
   1.2820000e+03  -3.9946170e-01
   1.2830000e+03  -3.9339453e-01
   1.2840000e+03  -3.8799825e-01
   1.2850000e+03  -3.8377705e-01
   1.2860000e+03  -3.8104784e-01
   1.2870000e+03  -3.7992179e-01
   1.2880000e+03  -3.8030517e-01
   1.2890000e+03  -3.8191901e-01
   1.2900000e+03  -3.8433570e-01
   1.2910000e+03  -3.8702872e-01
   1.2920000e+03  -3.8943107e-01
   1.2930000e+03  -3.9099684e-01
   1.2940000e+03  -3.9126042e-01
   1.2950000e+03  -3.8988775e-01
   1.2960000e+03  -3.8671491e-01
   1.2970000e+03  -3.8177047e-01
   1.2980000e+03  -3.7527906e-01
   1.2990000e+03  -3.6764584e-01
   1.3000000e+03  -3.5942255e-01
   1.3010000e+03  -3.5125806e-01
   1.3020000e+03  -3.4383740e-01
   1.3030000e+03  -3.3781438e-01
   1.3040000e+03  -3.3374388e-01
   1.3050000e+03  -3.3201973e-01
   1.3060000e+03  -3.3282415e-01
   1.3070000e+03  -3.3609367e-01
   1.3080000e+03  -3.4150544e-01
   1.3090000e+03  -3.4848593e-01
   1.3100000e+03  -3.5624254e-01
   1.3110000e+03  -3.6381650e-01
   1.3120000e+03  -3.7015348e-01
   1.3130000e+03  -3.7418698e-01
   1.3140000e+03  -3.7492802e-01
   1.3150000e+03  -3.7155395e-01
   1.3160000e+03  -3.6348916e-01
   1.3170000e+03  -3.5047046e-01
   1.3180000e+03  -3.3259155e-01
   1.3190000e+03  -3.1032173e-01
   1.3200000e+03  -2.8449686e-01
   1.3210000e+03  -2.5628200e-01
   1.3220000e+03  -2.2710796e-01
   1.3230000e+03  -1.9858609e-01
   1.3240000e+03  -1.7240717e-01
   1.3250000e+03  -1.5023222e-01
   1.3260000e+03  -1.3358313e-01
   1.3270000e+03  -1.2374154e-01
   1.3280000e+03  -1.2166357e-01
   1.3290000e+03  -1.2791669e-01
   1.3300000e+03  -1.4264323e-01
   1.3310000e+03  -1.6555272e-01
   1.3320000e+03  -1.9594312e-01
   1.3330000e+03  -2.3274845e-01
   1.3340000e+03  -2.7460834e-01
   1.3350000e+03  -3.1995358e-01
   1.3360000e+03  -3.6710049e-01
   1.3370000e+03  -4.1434682e-01
   1.3380000e+03  -4.6006198e-01
   1.3390000e+03  -5.0276542e-01
   1.3400000e+03  -5.4118856e-01
   1.3410000e+03  -5.7431711e-01
   1.3420000e+03  -6.0141279e-01
   1.3430000e+03  -6.2201526e-01
   1.3440000e+03  -6.3592669e-01
   1.3450000e+03  -6.4318271e-01
   1.3460000e+03  -6.4401420e-01
   1.3470000e+03  -6.3880472e-01
   1.3480000e+03  -6.2804814e-01
   1.3490000e+03  -6.1231029e-01
   1.3500000e+03  -5.9219731e-01
   1.3510000e+03  -5.6833251e-01
   1.3520000e+03  -5.4134167e-01
   1.3530000e+03  -5.1184612e-01
   1.3540000e+03  -4.8046162e-01
   1.3550000e+03  -4.4780042e-01
   1.3560000e+03  -4.1447391e-01
   1.3570000e+03  -3.8109303e-01
   1.3580000e+03  -3.4826451e-01
   1.3590000e+03  -3.1658139e-01
   1.3600000e+03  -2.8660765e-01
   1.3610000e+03  -2.5885738e-01
   1.3620000e+03  -2.3377046e-01
   1.3630000e+03  -2.1168678e-01
   1.3640000e+03  -1.9282238e-01
   1.3650000e+03  -1.7725031e-01
   1.3660000e+03  -1.6488946e-01
   1.3670000e+03  -1.5550358e-01
   1.3680000e+03  -1.4871222e-01
   1.3690000e+03  -1.4401392e-01
   1.3700000e+03  -1.4082107e-01
   1.3710000e+03  -1.3850426e-01
   1.3720000e+03  -1.3644318e-01
   1.3730000e+03  -1.3407996e-01
   1.3740000e+03  -1.3097041e-01
   1.3750000e+03  -1.2682849e-01
   1.3760000e+03  -1.2155949e-01
   1.3770000e+03  -1.1527830e-01
   1.3780000e+03  -1.0831004e-01
   1.3790000e+03  -1.0117203e-01
   1.3800000e+03  -9.4537308e-02
   1.3810000e+03  -8.9181976e-02
   1.3820000e+03  -8.5919907e-02
   1.3830000e+03  -8.5529795e-02
   1.3840000e+03  -8.8680480e-02
   1.3850000e+03  -9.5860900e-02
   1.3860000e+03  -1.0732094e-01
   1.3870000e+03  -1.2302885e-01
   1.3880000e+03  -1.4264955e-01
   1.3890000e+03  -1.6554689e-01
   1.3900000e+03  -1.9081041e-01
   1.3910000e+03  -2.1730571e-01
   1.3920000e+03  -2.4374489e-01
   1.3930000e+03  -2.6877221e-01
   1.3940000e+03  -2.9105810e-01
   1.3950000e+03  -3.0939435e-01
   1.3960000e+03  -3.2278255e-01
   1.3970000e+03  -3.3050854e-01
   1.3980000e+03  -3.3219643e-01
   1.3990000e+03  -3.2783777e-01
   1.4000000e+03  -3.1779301e-01
   1.4010000e+03  -3.0276508e-01
   1.4020000e+03  -2.8374719e-01
   1.4030000e+03  -2.6194898e-01
   1.4040000e+03  -2.3870727e-01
   1.4050000e+03  -2.1538863e-01
   1.4060000e+03  -1.9329197e-01
   1.4070000e+03  -1.7355897e-01
   1.4080000e+03  -1.5709956e-01
   1.4090000e+03  -1.4453838e-01
   1.4100000e+03  -1.3618577e-01
   1.4110000e+03  -1.3203525e-01
   1.4120000e+03  -1.3178658e-01
   1.4130000e+03  -1.3489151e-01
   1.4140000e+03  -1.4061739e-01
   1.4150000e+03  -1.4812232e-01
   1.4160000e+03  -1.5653466e-01
   1.4170000e+03  -1.6502980e-01
   1.4180000e+03  -1.7289731e-01
   1.4190000e+03  -1.7959300e-01
   1.4200000e+03  -1.8477207e-01
   1.4210000e+03  -1.8830121e-01
   1.4220000e+03  -1.9025009e-01
   1.4230000e+03  -1.9086424e-01
   1.4240000e+03  -1.9052322e-01
   1.4250000e+03  -1.8968944e-01
   1.4260000e+03  -1.8885333e-01
   1.4270000e+03  -1.8848092e-01
   1.4280000e+03  -1.8896931e-01
   1.4290000e+03  -1.9061437e-01
   1.4300000e+03  -1.9359341e-01
   1.4310000e+03  -1.9796408e-01
   1.4320000e+03  -2.0367855e-01
   1.4330000e+03  -2.1061060e-01
   1.4340000e+03  -2.1859163e-01
   1.4350000e+03  -2.2745070e-01
   1.4360000e+03  -2.3705351e-01
   1.4370000e+03  -2.4733498e-01
   1.4380000e+03  -2.5832127e-01
   1.4390000e+03  -2.7013814e-01
   1.4400000e+03  -2.8300402e-01
   1.4410000e+03  -2.9720811e-01
   1.4420000e+03  -3.1307558e-01
   1.4430000e+03  -3.3092320e-01
   1.4440000e+03  -3.5101038e-01
   1.4450000e+03  -3.7349082e-01
   1.4460000e+03  -3.9837043e-01
   1.4470000e+03  -4.2547651e-01
   1.4480000e+03  -4.5444227e-01
   1.4490000e+03  -4.8470925e-01
   1.4500000e+03  -5.1554849e-01
   1.4510000e+03  -5.4609940e-01
   1.4520000e+03  -5.7542344e-01
   1.4530000e+03  -6.0256828e-01
   1.4540000e+03  -6.2663676e-01
   1.4550000e+03  -6.4685469e-01
   1.4560000e+03  -6.6263109e-01
   1.4570000e+03  -6.7360543e-01
   1.4580000e+03  -6.7967731e-01
   1.4590000e+03  -6.8101575e-01
   1.4600000e+03  -6.7804693e-01
   1.4610000e+03  -6.7142140e-01
   1.4620000e+03  -6.6196338e-01
   1.4630000e+03  -6.5060671e-01
   1.4640000e+03  -6.3832294e-01
   1.4650000e+03  -6.2604771e-01
   1.4660000e+03  -6.1461202e-01
   1.4670000e+03  -6.0468388e-01
   1.4680000e+03  -5.9672544e-01
   1.4690000e+03  -5.9096854e-01
   1.4700000e+03  -5.8741065e-01
   1.4710000e+03  -5.8583054e-01
   1.4720000e+03  -5.8582177e-01
   1.4730000e+03  -5.8684043e-01
   1.4740000e+03  -5.8826213e-01
   1.4750000e+03  -5.8944297e-01
   1.4760000e+03  -5.8977870e-01
   1.4770000e+03  -5.8875698e-01
   1.4780000e+03  -5.8599814e-01
   1.4790000e+03  -5.8128152e-01
   1.4800000e+03  -5.7455547e-01
   1.4810000e+03  -5.6593127e-01
   1.4820000e+03  -5.5566204e-01
   1.4830000e+03  -5.4410983e-01
   1.4840000e+03  -5.3170446e-01
   1.4850000e+03  -5.1889871e-01
   1.4860000e+03  -5.0612440e-01
   1.4870000e+03  -4.9375369e-01
   1.4880000e+03  -4.8206927e-01
   1.4890000e+03  -4.7124603e-01
   1.4900000e+03  -4.6134563e-01
   1.4910000e+03  -4.5232390e-01
   1.4920000e+03  -4.4404995e-01
   1.4930000e+03  -4.3633457e-01
   1.4940000e+03  -4.2896461e-01
   1.4950000e+03  -4.2173965e-01
   1.4960000e+03  -4.1450707e-01
   1.4970000e+03  -4.0719166e-01
   1.4980000e+03  -3.9981703e-01
   1.4990000e+03  -3.9251626e-01
   1.5000000e+03  -3.8553094e-01
   1.5010000e+03  -3.7919845e-01
   1.5020000e+03  -3.7392878e-01
   1.5030000e+03  -3.7017286e-01
   1.5040000e+03  -3.6838550e-01
   1.5050000e+03  -3.6898622e-01
   1.5060000e+03  -3.7232153e-01
   1.5070000e+03  -3.7863209e-01
   1.5080000e+03  -3.8802752e-01
   1.5090000e+03  -4.0047110e-01
   1.5100000e+03  -4.1577553e-01
   1.5110000e+03  -4.3361000e-01
   1.5120000e+03  -4.5351779e-01
   1.5130000e+03  -4.7494276e-01
   1.5140000e+03  -4.9726242e-01
   1.5150000e+03  -5.1982460e-01
   1.5160000e+03  -5.4198487e-01
   1.5170000e+03  -5.6314158e-01
   1.5180000e+03  -5.8276600e-01
   1.5190000e+03  -6.0042536e-01
   1.5200000e+03  -6.1579758e-01
   1.5210000e+03  -6.2867701e-01
   1.5220000e+03  -6.3897146e-01
   1.5230000e+03  -6.4669154e-01
   1.5240000e+03  -6.5193399e-01
   1.5250000e+03  -6.5486098e-01
   1.5260000e+03  -6.5567770e-01
   1.5270000e+03  -6.5461057e-01
   1.5280000e+03  -6.5188812e-01
   1.5290000e+03  -6.4772614e-01
   1.5300000e+03  -6.4231824e-01
   1.5310000e+03  -6.3583228e-01
   1.5320000e+03  -6.2841236e-01
   1.5330000e+03  -6.2018568e-01
   1.5340000e+03  -6.1127262e-01
   1.5350000e+03  -6.0179859e-01
   1.5360000e+03  -5.9190545e-01
   1.5370000e+03  -5.8176075e-01
   1.5380000e+03  -5.7156298e-01
   1.5390000e+03  -5.6154165e-01
   1.5400000e+03  -5.5195135e-01
   1.5410000e+03  -5.4305999e-01
   1.5420000e+03  -5.3513164e-01
   1.5430000e+03  -5.2840555e-01
   1.5440000e+03  -5.2307319e-01
   1.5450000e+03  -5.1925577e-01
   1.5460000e+03  -5.1698473e-01
   1.5470000e+03  -5.1618789e-01
   1.5480000e+03  -5.1668338e-01
   1.5490000e+03  -5.1818301e-01
   1.5500000e+03  -5.2030612e-01
   1.5510000e+03  -5.2260360e-01
   1.5520000e+03  -5.2459114e-01
   1.5530000e+03  -5.2578950e-01
   1.5540000e+03  -5.2576883e-01
   1.5550000e+03  -5.2419326e-01
   1.5560000e+03  -5.2086171e-01
   1.5570000e+03  -5.1574086e-01
   1.5580000e+03  -5.0898644e-01
   1.5590000e+03  -5.0094997e-01
   1.5600000e+03  -4.9216907e-01
   1.5610000e+03  -4.8334071e-01
   1.5620000e+03  -4.7527851e-01
   1.5630000e+03  -4.6885646e-01
   1.5640000e+03  -4.6494298e-01
   1.5650000e+03  -4.6433013e-01
   1.5660000e+03  -4.6766378e-01
   1.5670000e+03  -4.7538047e-01
   1.5680000e+03  -4.8765675e-01
   1.5690000e+03  -5.0437571e-01
   1.5700000e+03  -5.2511443e-01
   1.5710000e+03  -5.4915429e-01
   1.5720000e+03  -5.7551444e-01
   1.5730000e+03  -6.0300661e-01
   1.5740000e+03  -6.3030787e-01
   1.5750000e+03  -6.5604611e-01
   1.5760000e+03  -6.7889209e-01
   1.5770000e+03  -6.9765101e-01
   1.5780000e+03  -7.1134661e-01
   1.5790000e+03  -7.1929112e-01
   1.5800000e+03  -7.2113546e-01
   1.5810000e+03  -7.1689569e-01
   1.5820000e+03  -7.0695319e-01
   1.5830000e+03  -6.9202853e-01
   1.5840000e+03  -6.7313072e-01
   1.5850000e+03  -6.5148560e-01
   1.5860000e+03  -6.2844872e-01
   1.5870000e+03  -6.0540937e-01
   1.5880000e+03  -5.8369296e-01
   1.5890000e+03  -5.6446930e-01
   1.5900000e+03  -5.4867369e-01
   1.5910000e+03  -5.3694674e-01
   1.5920000e+03  -5.2959761e-01
   1.5930000e+03  -5.2659320e-01
   1.5940000e+03  -5.2757410e-01
   1.5950000e+03  -5.3189579e-01
   1.5960000e+03  -5.3869173e-01
   1.5970000e+03  -5.4695322e-01
   1.5980000e+03  -5.5561954e-01
   1.5990000e+03  -5.6367102e-01
   1.6000000e+03  -5.7021754e-01
   1.6010000e+03  -5.7457504e-01
   1.6020000e+03  -5.7632377e-01
   1.6030000e+03  -5.7534325e-01
   1.6040000e+03  -5.7182095e-01
   1.6050000e+03  -5.6623351e-01
   1.6060000e+03  -5.5930192e-01
   1.6070000e+03  -5.5192417e-01
   1.6080000e+03  -5.4509054e-01
   1.6090000e+03  -5.3978880e-01
   1.6100000e+03  -5.3690705e-01
   1.6110000e+03  -5.3714277e-01
   1.6120000e+03  -5.4092598e-01
   1.6130000e+03  -5.4836355e-01
   1.6140000e+03  -5.5921024e-01
   1.6150000e+03  -5.7286954e-01
   1.6160000e+03  -5.8842544e-01
   1.6170000e+03  -6.0470311e-01
   1.6180000e+03  -6.2035445e-01
   1.6190000e+03  -6.3396205e-01
   1.6200000e+03  -6.4415316e-01
   1.6210000e+03  -6.4971474e-01
   1.6220000e+03  -6.4969981e-01
   1.6230000e+03  -6.4351606e-01
   1.6240000e+03  -6.3098910e-01
   1.6250000e+03  -6.1239426e-01
   1.6260000e+03  -5.8845376e-01
   1.6270000e+03  -5.6029870e-01
   1.6280000e+03  -5.2939805e-01
   1.6290000e+03  -4.9745986e-01
   1.6300000e+03  -4.6631201e-01
   1.6310000e+03  -4.3777168e-01
   1.6320000e+03  -4.1351361e-01
   1.6330000e+03  -3.9494746e-01
   1.6340000e+03  -3.8311386e-01
   1.6350000e+03  -3.7860717e-01
   1.6360000e+03  -3.8153092e-01
   1.6370000e+03  -3.9148921e-01
   1.6380000e+03  -4.0761443e-01
   1.6390000e+03  -4.2862890e-01
   1.6400000e+03  -4.5293534e-01
   1.6410000e+03  -4.7872884e-01
   1.6420000e+03  -5.0412154e-01
   1.6430000e+03  -5.2727070e-01
   1.6440000e+03  -5.4650031e-01
   1.6450000e+03  -5.6040799e-01
   1.6460000e+03  -5.6794961e-01
   1.6470000e+03  -5.6849686e-01
   1.6480000e+03  -5.6186464e-01
   1.6490000e+03  -5.4830823e-01
   1.6500000e+03  -5.2849190e-01
   1.6510000e+03  -5.0343328e-01
   1.6520000e+03  -4.7442873e-01
   1.6530000e+03  -4.4296645e-01
   1.6540000e+03  -4.1063405e-01
   1.6550000e+03  -3.7902713e-01
   1.6560000e+03  -3.4966485e-01
   1.6570000e+03  -3.2391691e-01
   1.6580000e+03  -3.0294523e-01
   1.6590000e+03  -2.8766201e-01
   1.6600000e+03  -2.7870427e-01
   1.6610000e+03  -2.7642397e-01
   1.6620000e+03  -2.8089173e-01
   1.6630000e+03  -2.9191160e-01
   1.6640000e+03  -3.0904431e-01
   1.6650000e+03  -3.3163645e-01
   1.6660000e+03  -3.5885347e-01
   1.6670000e+03  -3.8971501e-01
   1.6680000e+03  -4.2313176e-01
   1.6690000e+03  -4.5794335e-01
   1.6700000e+03  -4.9295739e-01
   1.6710000e+03  -5.2698985e-01
   1.6720000e+03  -5.5890673e-01
   1.6730000e+03  -5.8766677e-01
   1.6740000e+03  -6.1236421e-01
   1.6750000e+03  -6.3227025e-01
   1.6760000e+03  -6.4687074e-01
   1.6770000e+03  -6.5589770e-01
   1.6780000e+03  -6.5935144e-01
   1.6790000e+03  -6.5751052e-01
   1.6800000e+03  -6.5092707e-01
   1.6810000e+03  -6.4040569e-01
   1.6820000e+03  -6.2696554e-01
   1.6830000e+03  -6.1178637e-01
   1.6840000e+03  -5.9614091e-01
   1.6850000e+03  -5.8131740e-01
   1.6860000e+03  -5.6853728e-01
   1.6870000e+03  -5.5887390e-01
   1.6880000e+03  -5.5317861e-01
   1.6890000e+03  -5.5202023e-01
   1.6900000e+03  -5.5564325e-01
   1.6910000e+03  -5.6394882e-01
   1.6920000e+03  -5.7650059e-01
   1.6930000e+03  -5.9255593e-01
   1.6940000e+03  -6.1112016e-01
   1.6950000e+03  -6.3102021e-01
   1.6960000e+03  -6.5099170e-01
   1.6970000e+03  -6.6977267e-01
   1.6980000e+03  -6.8619625e-01
   1.6990000e+03  -6.9927485e-01
   1.7000000e+03  -7.0826911e-01
   1.7010000e+03  -7.1273608e-01
   1.7020000e+03  -7.1255332e-01
   1.7030000e+03  -7.0791731e-01
   1.7040000e+03  -6.9931724e-01
   1.7050000e+03  -6.8748716e-01
   1.7060000e+03  -6.7334122e-01
   1.7070000e+03  -6.5789832e-01
   1.7080000e+03  -6.4220282e-01
   1.7090000e+03  -6.2724832e-01
   1.7100000e+03  -6.1391059e-01
   1.7110000e+03  -6.0289486e-01
   1.7120000e+03  -5.9470077e-01
   1.7130000e+03  -5.8960663e-01
   1.7140000e+03  -5.8767260e-01
   1.7150000e+03  -5.8876074e-01
   1.7160000e+03  -5.9256842e-01
   1.7170000e+03  -5.9867041e-01
   1.7180000e+03  -6.0656490e-01
   1.7190000e+03  -6.1571845e-01
   1.7200000e+03  -6.2560559e-01
   1.7210000e+03  -6.3574001e-01
   1.7220000e+03  -6.4569520e-01
   1.7230000e+03  -6.5511420e-01
   1.7240000e+03  -6.6370925e-01
   1.7250000e+03  -6.7125329e-01
   1.7260000e+03  -6.7756625e-01
   1.7270000e+03  -6.8249925e-01
   1.7280000e+03  -6.8591990e-01
   1.7290000e+03  -6.8770159e-01
   1.7300000e+03  -6.8771850e-01
   1.7310000e+03  -6.8584757e-01
   1.7320000e+03  -6.8197706e-01
   1.7330000e+03  -6.7602064e-01
   1.7340000e+03  -6.6793496e-01
   1.7350000e+03  -6.5773803e-01
   1.7360000e+03  -6.4552549e-01
   1.7370000e+03  -6.3148223e-01
   1.7380000e+03  -6.1588692e-01
   1.7390000e+03  -5.9910817e-01
   1.7400000e+03  -5.8159180e-01
   1.7410000e+03  -5.6383990e-01
   1.7420000e+03  -5.4638315e-01
   1.7430000e+03  -5.2974903e-01
   1.7440000e+03  -5.1442877e-01
   1.7450000e+03  -5.0084633e-01
   1.7460000e+03  -4.8933252e-01
   1.7470000e+03  -4.8010686e-01
   1.7480000e+03  -4.7326896e-01
   1.7490000e+03  -4.6880035e-01
   1.7500000e+03  -4.6657636e-01
   1.7510000e+03  -4.6638686e-01
   1.7520000e+03  -4.6796350e-01
   1.7530000e+03  -4.7101049e-01
   1.7540000e+03  -4.7523567e-01
   1.7550000e+03  -4.8037833e-01
   1.7560000e+03  -4.8623106e-01
   1.7570000e+03  -4.9265303e-01
   1.7580000e+03  -4.9957342e-01
   1.7590000e+03  -5.0698470e-01
   1.7600000e+03  -5.1492654e-01
   1.7610000e+03  -5.2346222e-01
   1.7620000e+03  -5.3265015e-01
   1.7630000e+03  -5.4251404e-01
   1.7640000e+03  -5.5301497e-01
   1.7650000e+03  -5.6402898e-01
   1.7660000e+03  -5.7533297e-01
   1.7670000e+03  -5.8660121e-01
   1.7680000e+03  -5.9741336e-01
   1.7690000e+03  -6.0727417e-01
   1.7700000e+03  -6.1564344e-01
   1.7710000e+03  -6.2197423e-01
   1.7720000e+03  -6.2575577e-01
   1.7730000e+03  -6.2655760e-01
   1.7740000e+03  -6.2407078e-01
   1.7750000e+03  -6.1814219e-01
   1.7760000e+03  -6.0879862e-01
   1.7770000e+03  -5.9625789e-01
   1.7780000e+03  -5.8092547e-01
   1.7790000e+03  -5.6337631e-01
   1.7800000e+03  -5.4432281e-01
   1.7810000e+03  -5.2457105e-01
   1.7820000e+03  -5.0496873e-01
   1.7830000e+03  -4.8634875e-01
   1.7840000e+03  -4.6947316e-01
   1.7850000e+03  -4.5498205e-01
   1.7860000e+03  -4.4335172e-01
   1.7870000e+03  -4.3486595e-01
   1.7880000e+03  -4.2960282e-01
   1.7890000e+03  -4.2743849e-01
   1.7900000e+03  -4.2806775e-01
   1.7910000e+03  -4.3103986e-01
   1.7920000e+03  -4.3580654e-01
   1.7930000e+03  -4.4177798e-01
   1.7940000e+03  -4.4838202e-01
   1.7950000e+03  -4.5512095e-01
   1.7960000e+03  -4.6162070e-01
   1.7970000e+03  -4.6766754e-01
   1.7980000e+03  -4.7322862e-01
   1.7990000e+03  -4.7845379e-01
   1.8000000e+03  -4.8365793e-01
   1.8010000e+03  -4.8928479e-01
   1.8020000e+03  -4.9585511e-01
   1.8030000e+03  -5.0390317e-01
   1.8040000e+03  -5.1390741e-01
   1.8050000e+03  -5.2622153e-01
   1.8060000e+03  -5.4101243e-01
   1.8070000e+03  -5.5821154e-01
   1.8080000e+03  -5.7748476e-01
   1.8090000e+03  -5.9822499e-01
   1.8100000e+03  -6.1956957e-01
   1.8110000e+03  -6.4044254e-01
   1.8120000e+03  -6.5961982e-01
   1.8130000e+03  -6.7581305e-01
   1.8140000e+03  -6.8776624e-01
   1.8150000e+03  -6.9435791e-01
   1.8160000e+03  -6.9470048e-01
   1.8170000e+03  -6.8822891e-01
   1.8180000e+03  -6.7477046e-01
   1.8190000e+03  -6.5458934e-01
   1.8200000e+03  -6.2840104e-01
   1.8210000e+03  -5.9735400e-01
   1.8220000e+03  -5.6297816e-01
   1.8230000e+03  -5.2710292e-01
   1.8240000e+03  -4.9174927e-01
   1.8250000e+03  -4.5900317e-01
   1.8260000e+03  -4.3087865e-01
   1.8270000e+03  -4.0918060e-01
   1.8280000e+03  -3.9537694e-01
   1.8290000e+03  -3.9049013e-01
   1.8300000e+03  -3.9501600e-01
   1.8310000e+03  -4.0887680e-01
   1.8320000e+03  -4.3141235e-01
   1.8330000e+03  -4.6141082e-01
   1.8340000e+03  -4.9717766e-01
   1.8350000e+03  -5.3663822e-01
   1.8360000e+03  -5.7746732e-01
   1.8370000e+03  -6.1723682e-01
   1.8380000e+03  -6.5357088e-01
   1.8390000e+03  -6.8429794e-01
   1.8400000e+03  -7.0758885e-01
   1.8410000e+03  -7.2207126e-01
   1.8420000e+03  -7.2691243e-01
   1.8430000e+03  -7.2186476e-01
   1.8440000e+03  -7.0727130e-01
   1.8450000e+03  -6.8403112e-01
   1.8460000e+03  -6.5352782e-01
   1.8470000e+03  -6.1752672e-01
   1.8480000e+03  -5.7804856e-01
   1.8490000e+03  -5.3722933e-01
   1.8500000e+03  -4.9717639e-01
   1.8510000e+03  -4.5983113e-01
   1.8520000e+03  -4.2684780e-01
   1.8530000e+03  -3.9949653e-01
   1.8540000e+03  -3.7859658e-01
   1.8550000e+03  -3.6448344e-01
   1.8560000e+03  -3.5701091e-01
   1.8570000e+03  -3.5558641e-01
   1.8580000e+03  -3.5923593e-01
   1.8590000e+03  -3.6669239e-01
   1.8600000e+03  -3.7650055e-01
   1.8610000e+03  -3.8713000e-01
   1.8620000e+03  -3.9708818e-01
   1.8630000e+03  -4.0502546e-01
   1.8640000e+03  -4.0982549e-01
   1.8650000e+03  -4.1067504e-01
   1.8660000e+03  -4.0710983e-01
   1.8670000e+03  -3.9903404e-01
   1.8680000e+03  -3.8671360e-01
   1.8690000e+03  -3.7074465e-01
   1.8700000e+03  -3.5200047e-01
   1.8710000e+03  -3.3156128e-01
   1.8720000e+03  -3.1063211e-01
   1.8730000e+03  -2.9045474e-01
   1.8740000e+03  -2.7221957e-01
   1.8750000e+03  -2.5698347e-01
   1.8760000e+03  -2.4559869e-01
   1.8770000e+03  -2.3865748e-01
   1.8780000e+03  -2.3645578e-01
   1.8790000e+03  -2.3897818e-01
   1.8800000e+03  -2.4590493e-01
   1.8810000e+03  -2.5664034e-01
   1.8820000e+03  -2.7036056e-01
   1.8830000e+03  -2.8607733e-01
   1.8840000e+03  -3.0271317e-01
   1.8850000e+03  -3.1918272e-01
   1.8860000e+03  -3.3447415e-01
   1.8870000e+03  -3.4772484e-01
   1.8880000e+03  -3.5828535e-01
   1.8890000e+03  -3.6576684e-01
   1.8900000e+03  -3.7006793e-01
   1.8910000e+03  -3.7137875e-01
   1.8920000e+03  -3.7016139e-01
   1.8930000e+03  -3.6710809e-01
   1.8940000e+03  -3.6308002e-01
   1.8950000e+03  -3.5903160e-01
   1.8960000e+03  -3.5592609e-01
   1.8970000e+03  -3.5464956e-01
   1.8980000e+03  -3.5593031e-01
   1.8990000e+03  -3.6027068e-01
   1.9000000e+03  -3.6789720e-01
   1.9010000e+03  -3.7873372e-01
   1.9020000e+03  -3.9240002e-01
   1.9030000e+03  -4.0823661e-01
   1.9040000e+03  -4.2535367e-01
   1.9050000e+03  -4.4270039e-01
   1.9060000e+03  -4.5914885e-01
   1.9070000e+03  -4.7358532e-01
   1.9080000e+03  -4.8500097e-01
   1.9090000e+03  -4.9257418e-01
   1.9100000e+03  -4.9573713e-01
   1.9110000e+03  -4.9422063e-01
   1.9120000e+03  -4.8807327e-01
   1.9130000e+03  -4.7765301e-01
   1.9140000e+03  -4.6359196e-01
   1.9150000e+03  -4.4673734e-01
   1.9160000e+03  -4.2807398e-01
   1.9170000e+03  -4.0863531e-01
   1.9180000e+03  -3.8941074e-01
   1.9190000e+03  -3.7125806e-01
   1.9200000e+03  -3.5482856e-01
   1.9210000e+03  -3.4051208e-01
   1.9220000e+03  -3.2840683e-01
   1.9230000e+03  -3.1831705e-01
   1.9240000e+03  -3.0977874e-01
   1.9250000e+03  -3.0211142e-01
   1.9260000e+03  -2.9449129e-01
   1.9270000e+03  -2.8603916e-01
   1.9280000e+03  -2.7591522e-01
   1.9290000e+03  -2.6341195e-01
   1.9300000e+03  -2.4803652e-01
   1.9310000e+03  -2.2957486e-01
   1.9320000e+03  -2.0813111e-01
   1.9330000e+03  -1.8413861e-01
   1.9340000e+03  -1.5834044e-01
   1.9350000e+03  -1.3174113e-01
   1.9360000e+03  -1.0553291e-01
   1.9370000e+03  -8.1002925e-02
   1.9380000e+03  -5.9429049e-02
   1.9390000e+03  -4.1973562e-02
   1.9400000e+03  -2.9583824e-02
   1.9410000e+03  -2.2908828e-02
   1.9420000e+03  -2.2239092e-02
   1.9430000e+03  -2.7475353e-02
   1.9440000e+03  -3.8129034e-02
   1.9450000e+03  -5.3354672e-02
   1.9460000e+03  -7.2011687e-02
   1.9470000e+03  -9.2750298e-02
   1.9480000e+03  -1.1411429e-01
   1.9490000e+03  -1.3465185e-01
   1.9500000e+03  -1.5302513e-01
   1.9510000e+03  -1.6810912e-01
   1.9520000e+03  -1.7907184e-01
   1.9530000e+03  -1.8542904e-01
   1.9540000e+03  -1.8706934e-01
   1.9550000e+03  -1.8424817e-01
   1.9560000e+03  -1.7755151e-01
   1.9570000e+03  -1.6783326e-01
   1.9580000e+03  -1.5613203e-01
   1.9590000e+03  -1.4357502e-01
   1.9600000e+03  -1.3127745e-01
   1.9610000e+03  -1.2024629e-01
   1.9620000e+03  -1.1129628e-01
   1.9630000e+03  -1.0498535e-01
   1.9640000e+03  -1.0157407e-01
   1.9650000e+03  -1.0101222e-01
   1.9660000e+03  -1.0295267e-01
   1.9670000e+03  -1.0679058e-01
   1.9680000e+03  -1.1172379e-01
   1.9690000e+03  -1.1682855e-01
   1.9700000e+03  -1.2114362e-01
   1.9710000e+03  -1.2375513e-01
   1.9720000e+03  -1.2387503e-01
   1.9730000e+03  -1.2090630e-01
   1.9740000e+03  -1.1448986e-01
   1.9750000e+03  -1.0452950e-01
   1.9760000e+03  -9.1193354e-02
   1.9770000e+03  -7.4892295e-02
   1.9780000e+03  -5.6237818e-02
   1.9790000e+03  -3.5983418e-02
   1.9800000e+03  -1.4954950e-02
   1.9810000e+03   6.0238068e-03
   1.9820000e+03   2.6203913e-02
   1.9830000e+03   4.4976122e-02
   1.9840000e+03   6.1922438e-02
   1.9850000e+03   7.6850167e-02
   1.9860000e+03   8.9805827e-02
   1.9870000e+03   1.0106797e-01
   1.9880000e+03   1.1111972e-01
   1.9890000e+03   1.2060356e-01
   1.9900000e+03   1.3026215e-01
   1.9910000e+03   1.4087017e-01
   1.9920000e+03   1.5316277e-01
   1.9930000e+03   1.6776635e-01
   1.9940000e+03   1.8513729e-01
   1.9950000e+03   2.0551326e-01
   1.9960000e+03   2.2888094e-01
   1.9970000e+03   2.5496265e-01
   1.9980000e+03   2.8322263e-01
   1.9990000e+03   3.1289265e-01
   2.0000000e+03   3.4301472e-01
   2.0010000e+03   3.7249780e-01
   2.0020000e+03   4.0018428e-01
   2.0030000e+03   4.2492123e-01
   2.0040000e+03   4.4563158e-01
   2.0050000e+03   4.6138006e-01
   2.0060000e+03   4.7142943e-01
   2.0070000e+03   4.7528353e-01
