           1   1.286735    
           2   1.688107    
           3   1.857334    
           4   1.922647    
           5   1.984788    
           6   2.056968    
           7   2.134055    
           8   2.211369    
           9   2.286521    
          10   2.358594    
          11   2.427375    
          12   2.492925    
          13   2.555384    
          14   2.614898    
          15   2.671597    
          16   2.725595    
          17   2.776995    
          18   2.825892    
          19   2.872379    
          20   2.916549    
          21   2.958495    
          22   2.998314    
          23   3.036100    
          24   3.071952    
          25   3.105966    
          26   3.138238    
          27   3.168862    
          28   3.197932    
          29   3.225538    
          30   3.251766    
          31   3.276700    
          32   3.300420    
          33   3.323001    
          34   3.344515    
          35   3.365032    
          36   3.384614    
          37   3.403322    
          38   3.421213    
          39   3.438339    
          40   3.454750    
          41   3.470493    
          42   3.485609    
          43   3.500140    
          44   3.514123    
          45   3.527592    
          46   3.540581    
          47   3.553119    
          48   3.565235    
          49   3.576955    
          50   3.588302    
          51   3.599300    
          52   3.609970    
          53   3.620332    
          54   3.630403    
          55   3.640202    
          56   3.649743    
          57   3.659042    
          58   3.668114    
          59   3.676970    
          60   3.685623    
          61   3.694085    
          62   3.702365    
          63   3.710475    
          64   3.718423    
          65   3.726219    
          66   3.733870    
          67   3.741384    
          68   3.748769    
          69   3.756032    
          70   3.763178    
          71   3.770214    
          72   3.777146    
          73   3.783979    
          74   3.790718    
          75   3.797368    
          76   3.803934    
          77   3.810419    
          78   3.816828    
          79   3.823165    
          80   3.829434    
          81   3.835637    
          82   3.841779    
          83   3.847861    
          84   3.853888    
          85   3.859861    
          86   3.865784    
          87   3.871658    
          88   3.877488    
          89   3.883273    
          90   3.889018    
          91   3.894723    
          92   3.900390    
          93   3.906023    
          94   3.911621    
          95   3.917188    
          96   3.922724    
          97   3.928231    
          98   3.933710    
          99   3.939163    
         100   3.944591    
         101   3.949995    
         102   3.955377    
         103   3.960737    
         104   3.966076    
         105   3.971396    
         106   3.976698    
         107   3.981982    
         108   3.987250    
         109   3.992501    
         110   3.997738    
         111   4.002960    
         112   4.008169    
         113   4.013364    
         114   4.018547    
         115   4.023718    
         116   4.028878    
         117   4.034028    
         118   4.039167    
         119   4.044297    
         120   4.049418    
         121   4.054530    
         122   4.059634    
         123   4.064730    
         124   4.069818    
         125   4.074900    
         126   4.079975    
         127   4.085043    
         128   4.090105    
         129   4.095161    
         130   4.100213    
         131   4.105258    
         132   4.110299    
         133   4.115335    
         134   4.120366    
         135   4.125393    
         136   4.130416    
         137   4.135435    
         138   4.140450    
         139   4.145462    
         140   4.150471    
         141   4.155476    
         142   4.160479    
         143   4.165477    
         144   4.170474    
         145   4.175468    
         146   4.180459    
         147   4.185448    
         148   4.190434    
         149   4.195419    
         150   4.200401    
         151   4.205381    
         152   4.210360    
         153   4.215336    
         154   4.220310    
         155   4.225283    
         156   4.230254    
         157   4.235224    
         158   4.240192    
         159   4.245158    
         160   4.250123    
         161   4.255087    
         162   4.260049    
         163   4.265010    
         164   4.269969    
         165   4.274928    
         166   4.279885    
         167   4.284841    
         168   4.289795    
         169   4.294749    
         170   4.299702    
         171   4.304653    
         172   4.309603    
         173   4.314552    
         174   4.319500    
         175   4.324448    
         176   4.329394    
         177   4.334339    
         178   4.339283    
         179   4.344225    
         180   4.349167    
         181   4.354108    
         182   4.359048    
         183   4.363987    
         184   4.368925    
         185   4.373862    
         186   4.378798    
         187   4.383732    
         188   4.388666    
         189   4.393599    
         190   4.398530    
         191   4.403461    
         192   4.408390    
         193   4.413318    
         194   4.418245    
         195   4.423172    
         196   4.428096    
         197   4.433020    
         198   4.437943    
         199   4.442864    
         200   4.447785    
         201   4.452704    
         202   4.457622    
         203   4.462538    
         204   4.467454    
         205   4.472368    
         206   4.477281    
         207   4.482192    
         208   4.487103    
         209   4.492011    
         210   4.496919    
         211   4.501825    
         212   4.506729    
         213   4.511632    
         214   4.516534    
         215   4.521434    
         216   4.526333    
         217   4.531230    
         218   4.536126    
         219   4.541020    
         220   4.545913    
         221   4.550804    
         222   4.555693    
         223   4.560580    
         224   4.565466    
         225   4.570350    
         226   4.575233    
         227   4.580113    
         228   4.584992    
         229   4.589869    
         230   4.594744    
         231   4.599617    
         232   4.604488    
         233   4.609358    
         234   4.614225    
         235   4.619090    
         236   4.623954    
         237   4.628815    
         238   4.633674    
         239   4.638531    
         240   4.643386    
         241   4.648239    
         242   4.653090    
         243   4.657938    
         244   4.662785    
         245   4.667628    
         246   4.672470    
         247   4.677310    
         248   4.682147    
         249   4.686981    
         250   4.691813    
         251   4.696643    
         252   4.701470    
         253   4.706295    
         254   4.711118    
         255   4.715937    
         256   4.720755    
         257   4.725569    
         258   4.730381    
         259   4.735190    
         260   4.739997    
         261   4.744801    
         262   4.749602    
         263   4.754400    
         264   4.759195    
         265   4.763988    
         266   4.768778    
         267   4.773565    
         268   4.778349    
         269   4.783130    
         270   4.787908    
         271   4.792683    
         272   4.797455    
         273   4.802224    
         274   4.806990    
         275   4.811753    
         276   4.816513    
         277   4.821269    
         278   4.826022    
         279   4.830772    
         280   4.835519    
         281   4.840262    
         282   4.845002    
         283   4.849739    
         284   4.854473    
         285   4.859202    
         286   4.863929    
         287   4.868652    
         288   4.873372    
         289   4.878088    
         290   4.882801    
         291   4.887509    
         292   4.892215    
         293   4.896917    
         294   4.901615    
         295   4.906310    
         296   4.911000    
         297   4.915688    
         298   4.920371    
         299   4.925050    
         300   4.929726    
         301   4.934398    
         302   4.939065    
         303   4.943730    
         304   4.948390    
         305   4.953046    
         306   4.957699    
         307   4.962347    
         308   4.966991    
         309   4.971631    
         310   4.976267    
         311   4.980899    
         312   4.985528    
         313   4.990151    
         314   4.994771    
         315   4.999386    
         316   5.003997    
         317   5.008605    
         318   5.013207    
         319   5.017805    
         320   5.022399    
         321   5.026989    
         322   5.031575    
         323   5.036155    
         324   5.040732    
         325   5.045304    
         326   5.049871    
         327   5.054435    
         328   5.058993    
         329   5.063547    
         330   5.068097    
         331   5.072641    
         332   5.077182    
         333   5.081717    
         334   5.086248    
         335   5.090775    
         336   5.095296    
         337   5.099813    
         338   5.104325    
         339   5.108832    
         340   5.113335    
         341   5.117833    
         342   5.122326    
         343   5.126814    
         344   5.131297    
         345   5.135775    
         346   5.140248    
         347   5.144717    
         348   5.149180    
         349   5.153639    
         350   5.158092    
         351   5.162541    
         352   5.166984    
         353   5.171422    
         354   5.175856    
         355   5.180284    
         356   5.184707    
         357   5.189124    
         358   5.193537    
         359   5.197945    
         360   5.202346    
         361   5.206743    
         362   5.211135    
         363   5.215522    
         364   5.219903    
         365   5.224279    
         366   5.228650    
         367   5.233015    
         368   5.237375    
         369   5.241729    
         370   5.246078    
         371   5.250422    
         372   5.254760    
         373   5.259093    
         374   5.263420    
         375   5.267742    
         376   5.272058    
         377   5.276369    
         378   5.280674    
         379   5.284974    
         380   5.289268    
         381   5.293557    
         382   5.297839    
         383   5.302117    
         384   5.306388    
         385   5.310654    
         386   5.314915    
         387   5.319169    
         388   5.323419    
         389   5.327661    
         390   5.331899    
         391   5.336131    
         392   5.340357    
         393   5.344577    
         394   5.348791    
         395   5.353000    
         396   5.357203    
         397   5.361399    
         398   5.365590    
         399   5.369776    
         400   5.373955    
         401   5.378129    
         402   5.382296    
         403   5.386457    
         404   5.390613    
         405   5.394763    
         406   5.398906    
         407   5.403044    
         408   5.407176    
         409   5.411302    
         410   5.415422    
         411   5.419535    
         412   5.423643    
         413   5.427745    
         414   5.431840    
         415   5.435930    
         416   5.440013    
         417   5.444091    
         418   5.448162    
         419   5.452227    
         420   5.456285    
         421   5.460339    
         422   5.464385    
         423   5.468426    
         424   5.472460    
         425   5.476488    
         426   5.480510    
         427   5.484526    
         428   5.488535    
         429   5.492538    
         430   5.496535    
         431   5.500526    
         432   5.504510    
         433   5.508489    
         434   5.512461    
         435   5.516426    
         436   5.520386    
         437   5.524339    
         438   5.528286    
         439   5.532226    
         440   5.536160    
         441   5.540088    
         442   5.544009    
         443   5.547924    
         444   5.551833    
         445   5.555735    
         446   5.559631    
         447   5.563521    
         448   5.567404    
         449   5.571280    
         450   5.575150    
         451   5.579015    
         452   5.582872    
         453   5.586723    
         454   5.590568    
         455   5.594406    
         456   5.598238    
         457   5.602063    
         458   5.605882    
         459   5.609694    
         460   5.613500    
         461   5.617299    
         462   5.621092    
         463   5.624878    
         464   5.628658    
         465   5.632432    
         466   5.636198    
         467   5.639958    
         468   5.643713    
         469   5.647460    
         470   5.651200    
         471   5.654935    
         472   5.658662    
         473   5.662384    
         474   5.666098    
         475   5.669806    
         476   5.673507    
         477   5.677202    
         478   5.680891    
         479   5.684572    
         480   5.688247    
         481   5.691916    
         482   5.695578    
         483   5.699233    
         484   5.702882    
         485   5.706524    
         486   5.710160    
         487   5.713789    
         488   5.717411    
         489   5.721027    
         490   5.724636    
         491   5.728239    
         492   5.731834    
         493   5.735424    
         494   5.739007    
         495   5.742583    
         496   5.746152    
         497   5.749715    
         498   5.753272    
         499   5.756822    
         500   5.760364    
         501   5.763901    
         502   5.767430    
         503   5.770954    
         504   5.774470    
         505   5.777980    
         506   5.781483    
         507   5.784979    
         508   5.788469    
         509   5.791953    
         510   5.795429    
         511   5.798900    
         512   5.802363    
