# Age        Mg/Ca        SST     SSTadj.
24          4.00       29.4       29.4
36          3.58       28.1       28.2
48          3.21       26.9       27.0
60          3.32       27.3       27.4
72          3.40       27.6       27.7
84          3.40       27.6       27.7
96          3.50       27.9       28.1
108         3.66       28.4       28.6
120         3.79       28.8       29.0
132         3.88       29.0       29.3
144         3.59       28.2       28.4
156         3.38       27.5       27.8
168         3.32       27.3       27.6
180         3.26       27.1       27.4
192         3.21       26.9       27.3
204         3.57       28.1       28.5
216         3.86       28.9       29.4
228         3.68       28.4       28.8
240         3.75       28.6       29.1
252         4.01       29.4       29.9
264         3.94       29.2       29.7
276         3.70       28.5       29.0
288         3.37       27.5       27.9
300         3.13       26.6       27.1
312         3.29       27.2       27.6
324         3.54       28.0       28.4
336         3.88       29.0       29.5
348         3.77       28.7       29.1
360         3.59       28.1       28.6
372         3.31       27.3       27.7
384         3.10       26.5       26.9
396         2.93       25.9       26.3
408         3.23       27.0       27.4
420         3.34       27.3       27.7
432         3.83       28.9       29.3
444         4.63       31.0       31.4
456         4.07       29.6       29.9
468         3.50       27.9       28.2
480         3.50       27.9       28.2
492         3.45       27.7       28.1
504         3.57       28.1       28.4
516         4.23       30.0       30.3
528         4.25       30.0       30.4
540         4.03       29.4       29.8
552         3.75       28.6       28.9
564         3.65       28.3       28.6
576         3.63       28.3       28.6
588         3.77       28.7       29.0
600         4.01       29.4       29.7
612         4.11       29.6       29.9
624         3.82       28.9       29.1
636         3.80       28.8       29.0
648         3.76       28.7       28.9
660         3.62       28.3       28.5
672         3.66       28.4       28.6
684         3.64       28.3       28.6
696         3.51       27.9       28.1
708         3.56       28.1       28.3
720         3.79       28.8       29.0
732         4.26       30.1       30.3
744         3.99       29.3       29.5
756         3.77       28.7       28.9
768         3.71       28.5       28.7
780         3.47       27.8       28.0
792         3.32       27.3       27.5
804         3.38       27.5       27.7
816         3.80       28.8       29.0
828         3.94       29.2       29.4
840         3.30       27.2       27.4
852         3.21       26.9       27.1
864         3.48       27.8       28.0
876         3.68       28.4       28.7
888         3.81       28.8       29.1
900         3.88       29.0       29.3
912         3.63       28.3       28.5
924         3.31       27.3       27.5
936         3.38       27.5       27.7
948         3.49       27.8       28.1
960         3.61       28.2       28.5
972         3.68       28.4       28.7
984         3.79       28.8       29.0
996         3.90       29.1       29.4
1008        3.90       29.1       29.4
1020        3.66       28.4       28.7
1032        3.42       27.6       27.9
1044        3.48       27.8       28.1
1056        3.70       28.5       28.8
1068        3.83       28.9       29.2
1080        3.57       28.1       28.4
1092        3.45       27.7       28.1
1104        3.60       28.2       28.6
1116        4.40       30.4       30.8
1128        4.20       29.9       30.3
1140        3.83       28.9       29.3
1152        3.97       29.3       29.7
1164        3.80       28.8       29.2
1176        3.62       28.2       28.7
1188        3.69       28.5       28.9
1200        4.03       29.4       29.9
1212        4.21       29.9       30.4
1224        3.94       29.2       29.7
1236        3.64       28.3       28.8
1248        3.33       27.3       27.8
1260        3.86       28.9       29.5
1272        3.88       29.0       29.6
1284        3.70       28.5       29.1
1296        3.70       28.5       29.1
1308        3.99       29.3       30.0
1320        3.32       27.3       28.0
1332        3.46       27.7       28.4
1344        3.84       28.9       29.6
1356        3.51       27.9       28.6
1368        3.67       28.4       29.1
1380        3.99       29.3       30.1
1392        3.92       29.1       29.9
1404        3.81       28.8       29.6
1416        3.70       28.5       29.3
1428        3.70       28.5       29.4
1440        3.50       27.9       28.8
1452        3.37       27.4       28.4
1464        3.63       28.3       29.2
1476        3.40       27.6       28.5
1488        3.18       26.8       27.8
1500        3.49       27.9       28.9
1512        3.60       28.2       29.2
1524        3.58       28.1       29.2
1536        3.52       27.9       29.0
1548        3.61       28.2       29.3
1560        3.74       28.6       29.7
1572        3.88       29.0       30.1
1584        4.01       29.4       30.5
1596        4.03       29.4       30.6
1608        3.83       28.9       30.0
1620        3.85       28.9       30.1
1632        3.90       29.1       30.2
1644        3.64       28.3       29.5
1656        3.60       28.2       29.4
1668        3.52       27.9       29.1
1680        3.31       27.3       28.5
1692        2.93       25.9       27.1
1704        3.16       26.7       28.0
1716        3.26       27.1       28.3
1728        3.10       26.5       27.8
1740        3.10       26.5       27.8
1752        3.36       27.4       28.7
1764        3.48       27.8       29.1
1776        3.18       26.8       28.1
1788        2.84       25.5       26.9
1800        2.98       26.1       27.4
1812        3.26       27.1       28.4
1824        3.18       26.8       28.1
1836        3.14       26.7       28.0
1848        3.40       27.6       28.9
1860        3.31       27.2       28.6
1872        3.22       27.0       28.3
1884        3.34       27.3       28.7
1896        3.40       27.6       28.9
1908        3.49       27.8       29.2
1920        3.41       27.6       29.0
1932        3.10       26.5       27.9
1944        3.11       26.6       28.0
1956        3.17       26.8       28.2
1968        3.23       27.0       28.4
1980        3.29       27.2       28.6
1992        3.30       27.2       28.7
2004        3.30       27.2       28.7
2016        3.30       27.2       28.7
2028        3.15       26.7       28.2
2040        2.98       26.1       27.5
2052        2.80       25.4       26.8
2064        3.12       26.6       28.0
2076        3.31       27.2       28.6
2088        3.45       27.7       29.1
2100        3.59       28.2       29.5
2112        3.23       27.0       28.4
2124        3.10       26.5       27.9
2136        3.10       26.5       27.9
2148        3.10       26.5       27.9
2160        3.12       26.6       27.9
2172        3.14       26.7       28.0
2184        3.17       26.8       28.1
2196        3.19       26.9       28.2
2208        3.20       26.9       28.2
2220        3.27       27.1       28.4
2232        3.28       27.2       28.4
2244        3.03       26.3       27.6
2256        2.93       25.9       27.2
2268        3.43       27.6       28.9
2280        3.10       26.5       27.7
2292        3.19       26.8       28.0
2304        3.40       27.6       28.7
2316        3.60       28.2       29.3
2328        3.57       28.1       29.2
2340        3.10       26.5       27.6
2352        3.38       27.5       28.6
2364        3.40       27.6       28.6
2376        3.40       27.6       28.6
2388        3.22       26.9       27.9
2400        3.28       27.1       28.1
2412        3.34       27.4       28.3
2424        3.66       28.4       29.3
2436        3.18       26.8       27.7
2448        3.10       26.5       27.4
2460        3.48       27.8       28.6
2472        3.20       26.9       27.7
2484        3.20       26.9       27.7
2496        3.54       28.0       28.7
2508        3.45       27.7       28.5
2520        3.13       26.6       27.4
2532        2.90       25.8       26.5
2544        3.06       26.4       27.2
2556        3.36       27.4       28.2
2568        2.90       25.8       26.6
2580        3.36       27.4       28.2
2592        3.39       27.5       28.3
2604        3.39       27.5       28.3
2616        3.65       28.4       29.2
2628        3.74       28.6       29.4
2640        3.07       26.4       27.2
2652        3.24       27.0       27.8
2664        3.39       27.5       28.4
2676        3.95       29.2       30.1
2688        3.34       27.4       28.2
2700        3.32       27.3       28.1
2712        3.33       27.3       28.2
2724        2.97       26.0       26.9
2736        2.68       24.9       25.8
2748        3.16       26.7       27.6
2760        3.40       27.6       28.4
2772        3.33       27.3       28.2
2784        3.14       26.7       27.6
2796        3.13       26.6       27.6
2808        3.40       27.6       28.6
2820        3.36       27.4       28.4
2832        3.12       26.6       27.7
2844        3.40       27.6       28.6
2856        3.45       27.7       28.8
2868        3.57       28.1       29.2
2880        3.21       26.9       28.1
2892        3.30       27.2       28.4
2904        3.22       26.9       28.2
2916        3.15       26.7       27.9
2928        3.47       27.8       29.0
2940        3.93       29.2       30.5
2952        3.92       29.1       30.5
2964        3.70       28.5       29.9
2976        3.41       27.6       29.0
2988        3.00       26.2       27.6
3000        3.08       26.5       27.9
3012        3.30       27.2       28.7
3024        3.49       27.8       29.3
3036        3.53       28.0       29.5
3048        3.50       27.9       29.4
3060        3.40       27.6       29.1
3072        3.42       27.6       29.2
3084        3.59       28.2       29.8
3096        3.52       27.9       29.6
3108        3.60       28.2       29.9
3120        3.75       28.6       30.4
3132        3.63       28.3       30.0
3144        3.73       28.6       30.4
3156        3.65       28.3       30.2
3168        3.30       27.2       29.1
3180        3.71       28.5       30.4
3192        3.68       28.4       30.3
3204        3.91       29.1       31.0
3216        3.94       29.2       31.2
3228        3.46       27.7       29.7
3240        3.82       28.8       30.9
3252        3.45       27.7       29.8
3264        3.52       27.9       30.0
3276        3.67       28.4       30.5
3288        3.61       28.2       30.4
3300        3.78       28.7       30.9
3312        3.30       27.2       29.4
3324        3.10       26.5       28.8
3336        3.80       28.8       31.1
3348        3.73       28.6       30.9
3360        3.68       28.4       30.8
3372        3.61       28.2       30.6
3384        3.65       28.3       30.7
3396        3.62       28.2       30.7
3408        3.83       28.9       31.3
3420        3.78       28.7       31.2
3432        3.65       28.3       30.9
3444        3.70       28.5       31.0
3456        3.80       28.8       31.4
3468        3.94       29.2       31.8
3480        3.54       28.0       30.6
3492        3.64       28.3       31.0
3504        3.84       28.9       31.6
3516        3.80       28.8       31.5
3528        3.54       28.0       30.7
3540        3.50       27.9       30.7
3552        3.23       27.0       29.8
3564        3.58       28.1       31.0
3576        3.30       27.2       30.1
3588        3.65       28.4       31.3
3600        3.93       29.2       32.1
3612        3.97       29.3       32.2
3624        4.23       30.0       33.0
3636        4.04       29.5       32.5
3648        3.40       27.6       30.6
3660        2.95       26.0       29.0
3672        3.55       28.0       31.1
3684        3.98       29.3       32.4
3696        3.92       29.1       32.3
3708        3.30       27.2       30.4
3720        3.71       28.5       31.7
3732        4.00       29.4       32.6
3744        3.73       28.6       31.9
3756        4.20       29.9       33.2
3768        3.80       28.8       32.1
3780        3.38       27.5       30.8
3792        3.63       28.3       31.6
3804        3.42       27.6       31.0
3816        3.64       28.3       31.7
3828        3.50       27.9       31.2
3840        3.50       27.9       31.3
3852        3.49       27.8       31.2
3864        3.42       27.6       31.0
3876        3.41       27.6       31.0
3888        3.75       28.6       32.1
3900        3.53       28.0       31.4
3912        3.48       27.8       31.3
3924        3.50       27.9       31.4
3936        3.70       28.5       32.0
3948        3.40       27.6       31.1
3960        3.49       27.8       31.4
3972        3.65       28.3       31.9
3984        3.68       28.4       32.0
3996        3.43       27.7       31.2
4008        3.30       27.2       30.8
4020        3.38       27.5       31.0
4032        3.50       27.9       31.4
4044        3.50       27.9       31.4
4056        3.33       27.3       30.8
4068        3.25       27.1       30.6
4080        3.50       27.9       31.4
4092        3.24       27.0       30.5
4104        3.10       26.5       30.0
4116        3.33       27.3       30.8
4128        3.20       26.9       30.4
4140        3.44       27.7       31.2
4152        3.51       27.9       31.4
4164        3.07       26.4       29.9
4176        3.55       28.0       31.5
4188        3.50       27.9       31.3
4200        3.30       27.2       30.7
4212        3.00       26.2       29.6
4224        3.10       26.5       30.0
4236        3.16       26.7       30.2
4248        3.28       27.1       30.6
4260        3.10       26.5       29.9
4272        3.20       26.9       30.3
4284        2.90       25.8       29.2
4296        3.10       26.5       29.9
4308        3.29       27.2       30.5
4320        3.45       27.7       31.0
4332        3.25       27.1       30.3
4344        3.16       26.7       30.0
4356        3.43       27.7       30.9
4368        3.55       28.0       31.3
4380        2.90       25.8       29.0
4392        3.10       26.5       29.7
4404        3.68       28.4       31.6
4416        3.40       27.6       30.7
4428        2.86       25.6       28.8
4440        3.05       26.3       29.4
4452        3.27       27.1       30.2
4464        3.06       26.4       29.4
4476        3.17       26.8       29.8
4488        3.56       28.1       31.1
4500        3.40       27.6       30.5
4512        2.91       25.8       28.8
4524        3.40       27.6       30.5
4536        3.55       28.0       30.9
4548        3.30       27.2       30.1
4560        3.50       27.9       30.7
4572        3.51       27.9       30.7
4584        3.59       28.2       31.0
4596        3.51       27.9       30.7
4608        3.70       28.5       31.2
4620        3.75       28.6       31.4
4632        2.90       25.8       28.5
4644        3.63       28.3       31.0
4656        3.80       28.8       31.4
4668        3.74       28.6       31.2
4680        3.80       28.8       31.4
4692        3.59       28.2       30.7
4704        3.00       26.2       28.7
4716        3.32       27.3       29.8
4728        3.40       27.6       30.0
4740        3.37       27.4       29.9
4752        3.59       28.2       30.6
4764        3.35       27.4       29.8
4776        3.60       28.2       30.6
4788        3.00       26.2       28.5
4800        3.40       27.6       29.9
4812        3.50       27.9       30.2
4824        3.43       27.7       29.9
4836        3.10       26.5       28.8
4848        3.40       27.6       29.8
4860        3.30       27.2       29.4
4872        3.38       27.5       29.7
4884        3.22       26.9       29.1
4896        3.41       27.6       29.7
4908        3.47       27.8       29.9
4920        3.32       27.3       29.4
4932        3.40       27.6       29.6
4944        3.33       27.3       29.3
4956        3.15       26.7       28.7
4968        3.27       27.1       29.1
4980        3.09       26.5       28.4
4992        3.11       26.6       28.5
5004        3.45       27.7       29.6
5016        3.55       28.0       29.9
5028        3.50       27.9       29.7
5040        3.62       28.2       30.1
5052        3.68       28.4       30.3
5064        3.66       28.4       30.2
5076        3.57       28.1       29.9
5088        3.43       27.7       29.4
5100        3.33       27.3       29.1
5112        3.45       27.7       29.5
5124        3.58       28.1       29.9
