MOUNT KENYA PARTICLE SIZES PART B

REFERENCES:

Thompson, L.G. (1979) Ice core studies from Mt.Kenya, Africa and their relationship to other tropical ice cores studies.  In: Sea
Level, Ice and Climatic Change.  IAHS Publication no. 131, p. 55-62.

DATA DESCRIPTION:

# Please read the lewis_readme.html file for information on column headings.

DATA:


51978	1001	1	0	5	12	3	5	0	0	0	0	0	11503	7898	4307	1145
51978	1001	2	0.05	5	29	9	6	4	1	0	0	1	19356	13732	9195	3242
51978	1001	3	0.1	5	5	5	0	0	0	0	0	0	10586	6262	2120	398
51978	1001	4	0.15	5	106	38	11	12	12	6	2	5	154660	83823	28342	9130
51978	1001	5	0.2	5	40	12	10	4	2	3	4	0	121510	67096	24443	5123
51978	1001	6	0.25	5	20	10	5	1	3	2	0	0	46420	23782	5725	922
51978	1001	7	0.3	5	16	12	5	4	5	2	2	4	143423	74327	25736	4208
51978	1001	8	0.35	5	9	5	2	3	0	0	0	0	11306	6126	2340	452
51978	1001	9	0.4	5	7	9	2	0	1	1	0	0	21338	10302	1459	468
51978	1001	10	0.45	5	16	14	6	11	4	2	1	2	11711	6059	2872	772
51978	1001	11	0.5	5	7	3	1	2	0	0	0	2	10065	6889	2471	765
51978	1001	12	0.55	5	15	10	4	4	0	1	4	0	40874	26346	4506	528
51978	1001	13	0.6	5	16	14	6	5	1	3	1	1	7764	3801	1723	829
51978	1001	14	0.65	5	10	9	4	0	1	1	1	4	10482	4194	1330	426
51978	1001	15	0.7	5	50	34	32	12	5	3	2	1	23824	10564	3234	1368
51978	1001	16	0.75	5	50	33	17	12	8	4	0	1	58740	24475	8538	3449
51978	1001	17	0.8	5	186	2	2	0	0	0	0	0	36481	34952	32899	29221
51978	1001	18	0.85	5	584	15	1	3	2	2	0	0	52387	50234	46802	40522
51978	1001	19	0.9	5	5	3	1	0	0	0	0	1	22081	9805	2910	734
51978	1001	20	0.95	5	12	5	4	4	2	1	0	0	14607	11007	3540	751
51978	1001	21	1	5	24	3	7	5	2	0	0	1	83639	27380	7599	2107
51978	1001	22	1.05	5	76	43	28	17	6	8	1	7	58596	23753	7495	2634
51978	1001	23	1.1	5	32	9	10	4	1	1	5	1	18804	9524	3361	996
51978	1001	24	1.15	5	40	19	19	14	11	4	1	0	11992	6967	2774	793
51978	1001	25	1.2	5	68	36	20	13	9	9	6	4	88624	36266	10449	3733
51978	1001	26	1.25	5	38	23	16	2	4	1	2	1	31455	12620	5076	2015
51978	1001	27	1.3	5	27	22	12	5	2	1	3	4	15474	6134	2533	815
51978	1001	28	1.35	5	90	50	45	27	20	12	6	4	30065	17400	5769	2559
51978	1001	29	1.4	5	80	55	43	16	19	9	1	4	31081	17803	7585	3063
51978	1001	30	1.45	5	236	164	105	70	31	26	14	3	36334	21124	11093	5824
51978	1001	31	1.5	5	36	35	24	11	10	7	5	12	27217	14096	3979	1230
51978	1001	32	1.55	5	472	170	55	24	9	10	3	1	75882	46586	19566	9803
51978	1001	33	1.6	5	30	19	12	4	0	0	0	0	19470	9909	4127	1194
51978	1001	34	1.65	5	72	52	29	13	11	5	5	3	62207	41940	17796	4111
51978	1001	35	1.7	5	30	38	26	13	3	1	0	2	29445	10826	4681	1684
51978	1001	36	1.75	5	156	88	43	27	16	11	3	1	105542	80156	53223	33939
51978	1001	37	1.8	5	35	25	6	8	4	0	2	3	24392	11238	4052	1210
51978	1001	38	1.85	5	19	9	10	1	4	2	0	1	33917	8844	2159	667
51978	1001	39	1.9	5	60	37	27	24	11	17	5	7	49370	15345	5343	2275
51978	1001	40	1.95	5	12	6	1	0	1	1	3	0	32496	13821	3952	1009
51978	1001	41	2	5	10	7	1	2	1	1	0	1	14581	9035	2510	551
51978	1001	42	2.05	5	11	12	8	5	5	1	0	2	18843	10024	3863	873
51978	1001	43	2.1	5	10	7	8	2	1	1	1	2	15558	9498	3030	435
51978	1001	44	2.15	5	14	9	5	4	0	0	1	1	31588	15794	3118	626
51978	1001	45	2.2	5	16	3	5	2	3	1	0	0	31372	15981	3500	812
51978	1001	46	2.2	5	17	13	7	3	5	1	2	0	19044	13022	5337	1545
51978	1001	47	2.25	5	19	17	11	13	7	1	1	0	4298	2303	1334	629
51978	1001	48	2.3	5	3	3	3	0	2	0	1	1	19319	10818	3238	575
51978	1001	49	2.35	5	31	11	8	10	8	6	1	0	9138	4949	2114	751
51978	1001	50	2.4	5	10	9	1	1	0	2	0	2	22980	6764	1991	396
51978	1001	51	2.45	5	216	116	83	58	34	14	4	2	101053	36580	12798	5055
51978	1001	52	2.5	5	31	34	26	13	8	5	3	2	27113	12425	5158	1617
51978	1001	53	2.55	5	27	15	4	6	1	2	1	3	84114	40433	11102	3005
52578	1001	54	2.675	14	21	0	2	3	2	0	0	0	82987	40717	8467	1513
52578	1001	55	2.815	10	17	3	9	1	0	1	0	0	76424	38101	11281	2423
52578	1001	56	2.915	15	17	3	9	1	0	1	0	0	76424	38101	11281	2423
52578	1001	57	3.065	15	45	31	14	6	4	3	0	1	46811	34479	18975	5545
52578	1001	58	3.215	13	58	29	17	11	13	4	1	3	45733	27700	11320	3742
52578	1001	59	3.345	13	18	8	2	5	3	0	0	0	31796	18566	4461	691
52578	1001	60	3.475	13	37	27	8	7	2	2	3	2	79409	62267	17463	1639
52578	1001	61	3.605	21	25	16	13	13	7	6	5	3	60674	40225	13797	1725
52578	1001	62	3.815	13	13	10	2	3	3	3	1	0	47320	35543	16433	3164
52578	1001	63	3.945	15	13	11	7	4	3	0	1	2	54549	38292	9561	1339
52578	1001	64	4.095	16	15	2	4	3	1	0	2	1	71520	31674	6849	1484
52578	1001	65	4.255	16	20	13	9	1	2	1	0	4	46929	34146	14993	2095
52578	1001	66	4.415	13	20	20	5	6	2	3	1	1	84158	45818	15842	3687
52578	1001	67	4.545	10	18	19	10	8	7	5	4	2	66306	39279	8935	1360
52578	1001	68	4.645	10	91	55	45	30	18	10	10	3	40542	21168	5828	1745
52578	1001	69	4.745	10	38	21	12	5	8	2	0	1	31221	19889	6722	1391
52578	1001	70	4.845	10	10	6	0	0	1	0	0	1	30659	13408	3995	930
52578	1001	71	4.945	10	95	75	70	68	38	33	10	11	48076	16902	5083	2076
52578	1001	72	5.045	14	171	142	85	49	22	14	5	2	45115	19689	5952	2627
52578	1001	73	5.182	18	52	24	8	9	8	4	2	4	163905	105001	44287	7812
52578	1001	74	5.365	15	24	14	8	4	1	0	0	0	63465	30410	6437	1046
52578	1001	75	5.515	9	1	0	0	0	0	0	1	1	22730	8672	1577	308
52578	1001	76	5.605	9	18	4	1	1	1	0	0	0	33012	16233	3782	705
52578	1001	77	5.695	11	12	5	3	6	3	4	0	2	46668	24988	5355	685
52578	1001	78	5.805	11	14	15	6	2	7	1	1	2	43848	16302	3965	1172
52578	1001	79	5.915	11	118	94	49	31	18	8	7	8	80840	52723	31316	11492
52578	1001	80	6.025	13	63	49	38	24	16	13	3	3	39884	15938	4801	1629
52578	1001	81	6.155	13	26	15	6	9	6	2	3	2	35404	19874	8609	2830
52578	1001	82	6.285	13	41	34	17	22	9	9	4	2	65877	28490	6865	1781
52578	1001	83	6.415	13	32	20	13	10	11	4	2	5	43323	23605	5977	1443
52578	1001	84	6.545	9	689	671	205	57	8	1	3	3	232425	178979	108486	36769
52578	1001	85	6.635	9	3024	1344	338	88	33	12	2	0	144801	138163	128795	113665
52578	1001	86	6.725	9	106	79	57	40	30	10	7	12	98753	61223	16277	3253
52578	1001	87	6.815	7	83	35	20	7	4	1	1	0	108896	52398	16546	4607
52578	1001	88	6.885	15	11	5	1	2	2	0	0	4	25966	12173	4741	1150
52578	1001	89	7.035	15	517	188	81	34	16	4	3	9	231326	183892	122974	54687
52578	1001	90	7.185	12	57	36	27	19	10	13	9	5	73997	34861	14067	3931
52578	1001	91	7.305	10	53	33	14	14	15	2	0	4	54514	25505	11402	3392
52578	1001	92	7.405	10	17	11	3	3	1	0	1	0	51199	18619	8305	3590
52578	1001	93	7.505	10	32	11	5	7	3	1	0	0	15346	5085	2496	1108
52578	1001	94	7.605	14	58	33	28	14	7	6	2	8	58849	39627	15647	3521
52578	1001	95	7.745	13	14	9	8	2	2	0	2	1	89011	55619	19198	4853
52578	1001	96	7.875	10	26	14	13	10	7	4	1	3	119879	87811	57488	45288
52578	1001	97	7.975	10	29	23	7	12	6	3	2	1	61872	25783	6244	1910
52578	1001	98	8.075	10	63	88	56	56	47	26	12	20	42648	12013	3480	1427
52578	1001	99	8.175	10	161	76	32	11	7	0	1	1	200800	124813	50213	10905
52578	1001	100	8.275	10	1896	1018	325	51	22	9	7	14	177491	156532	127642	82177
52578	1001	101	8.575	10	40	24	14	7	2	1	1	0	71275	34370	8507	2030
52578	1001	102	8.675	11	12	4	2	1	1	2	2	4	97506	81860	61039	32763
52578	1001	103	8.785	11	7	4	1	4	0	4	1	2	86160	27855	4769	908
52578	1001	104	8.895	10	25	10	15	4	9	1	2	5	71198	47412	18708	4989
52578	1001	105	8.995	11	17	9	7	3	1	0	2	2	41017	32426	14385	2783
52578	1001	106	9.105	12	28	23	17	3	9	0	3	0	86016	45453	17814	4352
52578	1001	107	9.225	13	17	8	4	2	2	0	1	5	58589	24336	7674	1308
52578	1001	108	12.805	10	34	19	12	8	5	2	0	2	57210	36597	9586	1918
52578	1001	109	12.905	10	22	14	9	1	1	1	1	6	51467	39013	12116	1771
52578	1001	110	13.005	10	11	6	5	4	1	0	1	0	23881	15948	10353	1755
52578	1001	111	13.105	10	1	8	0	3	1	0	1	0	45393	21334	4635	577
52678	1002	1	0	10	38	24	13	11	6	4	0	3	27958	8257	3262	1428
52678	1002	2	0.1	10	35	27	13	3	2	2	1	0	76024	45984	13437	2528
52678	1002	3	0.2	10	16	7	3	0	0	0	0	1	61240	26328	10689	3481
52678	1002	4	0.3	10	19	16	22	19	19	5	0	5	38689	26238	6626	1707
52678	1002	5	0.4	10	152	86	78	50	36	13	1	0	39319	19549	5764	2405
52678	1002	6	0.5	10	128	87	49	31	12	9	7	8	111248	78195	22097	3562
52678	1002	7	0.6	10	307	163	69	23	9	9	6	1	160472	149294	132881	105208
52678	1002	8	0.7	10	189	108	81	149	27	19	13	15	162096	127070	82154	30566
52678	1002	9	0.8	10	27	16	4	4	0	0	0	4	39903	14156	4842	1250
52678	1002	10	0.9	10	586	257	105	41	22	10	6	12	235200	186738	122414	50035
52678	1002	11	1	10	20	8	1	1	3	2	0	1	40031	15115	3717	818
52678	1002	12	1.1	10	5039	564	122	45	13	6	1	1	91269	88215	83871	76837
52678	1002	13	1.2	10	335	153	79	52	33	25	6	5	243194	189168	114161	38521
52678	1002	14	1.3	10	548	231	73	14	5	0	0	0	163503	146114	121545	81110
52678	1002	15	1.4	10	127	93	29	9	11	6	3	5	194830	150309	91767	31542
52678	1002	16	1.6	10	19	10	6	2	3	0	0	0	62406	34785	9138	1705
52678	1002	17	1.7	10	34	26	9	2	0	1	1	4	29314	12730	3919	1001
52678	1002	18	1.8	10	604	273	127	50	36	10	1	1	216754	152259	75501	19915
52678	1002	19	1.9	10	316	117	67	28	17	8	5	4	193234	135906	67896	16348
52678	1002	20	2	10	109	21	5	0	0	0	0	0	54626	47309	39476	29952
52678	1002	21	2.1	10	694	362	147	27	16	10	7	5	143382	125124	100227	63220
52678	1002	22	2.2	10	122	68	34	22	8	4	2	0	76547	50243	19282	4883
53178	1002	1	4.074	30	10	2	2	1	1	0	1	2	27465	9288	2853	828
53178	1002	2	4.374	32	4	3	2	1	1	1	0	2	13353	5755	2111	608
53178	1002	3	4.694	6	46	5	0	1	0	1	0	0	47913	24531	11107	6246
53178	1002	4	4.754	27	93	14	0	1	1	0	1	2	35464	15427	4376	1364
53178	1002	5	5.024	22	14	8	7	3	1	0	0	2	79112	23797	5703	1575
53178	1002	6	5.244	26	46	35	16	10	13	7	1	6	42053	23799	7400	2275
53178	1002	7	5.504	21	7	5	2	0	0	0	0	0	30253	9672	2836	792
53178	1002	8	5.709	38	3	3	2	0	4	0	1	1	75659	37646	6855	957
53178	1002	9	6.093	11	10	0	1	0	0	1	0	0	77382	32449	9077	2058
53178	1002	10	6.198	22	6	4	3	0	1	1	0	1	68339	35388	8300	1333
53178	1002	11	6.413	22	9	1	3	1	0	2	0	6	44622	20574	11216	1733
53178	1002	12	6.629	23	3	5	3	1	0	0	1	3	18876	11819	3364	982
53178	1002	13	6.857	16	81	34	25	22	12	8	8	10	32522	25848	11077	3073
53178	1002	14	7.019	14	5	2	4	4	1	0	0	1	7177	2844	1409	549
53178	1002	15	7.155	6	8	6	4	6	2	0	4	1	31395	14083	3100	618
53178	1002	16	7.211	15	4	8	2	1	3	3	0	3	10820	6123	1804	366
53178	1002	17	7.358	13	8	10	3	1	2	0	0	1	11720	4415	1500	459
53178	1002	18	7.486	19	11	7	7	5	1	1	1	1	32922	15065	3010	533
53178	1002	19	7.671	21	47	18	20	16	10	4	5	9	25539	19462	5555	1490
53178	1002	20	7.881	12	47	43	14	15	9	11	6	3	40081	22580	5464	1124
53178	1002	21	8.001	11	10	1	0	2	0	0	2	0	18114	8286	3044	880
53178	1002	22	8.115	10	11	2	0	0	0	0	0	2	4852	2309	1501	996
53178	1002	23	8.215	11	5	4	3	4	1	4	3	2	13615	9574	3880	1255
53178	1002	24	8.32	16	8	4	4	0	1	4	0	2	29907	18103	5455	1089
53178	1002	25	8.48	20	17	6	7	1	1	0	3	8	32759	21613	7780	1540
53178	1002	26	8.68	19	3	0	1	1	0	1	0	0	8356	4651	1486	461
53178	1002	27	8.87	13	7	7	2	0	3	0	1	2	33893	16619	4563	1039
53178	1002	28	8.995	16	30	20	6	5	5	6	2	5	23728	12123	3689	992
53178	1002	29	9.15	12	4	1	1	0	0	0	1	1	20394	9009	2050	531
53178	1002	30	9.265	11	47	24	23	20	11	8	6	9	68866	43361	12408	3079
53178	1002	31	9.37	18	59	28	19	17	21	9	0	4	33743	25805	12976	5309
53178	1002	32	9.55	16	2	1	0	0	0	0	0	0	11920	7110	3059	815
53178	1002	33	9.705	14	4	2	5	0	2	0	2	3	52204	21242	6248	1211
53178	1002	34	9.845	14	21	11	11	7	1	1	0	4	47377	28454	10152	2492
53178	1002	35	9.985	13	16	8	2	2	0	0	2	1	25127	16942	7289	2920
53178	1002	36	10.115	17	8	2	0	3	0	0	0	2	114257	60849	19700	3549
53178	1002	37	10.28	16	1	0	0	0	1	0	0	0	26118	10251	2044	430
53178	1002	38	10.435	15	3	2	0	1	0	1	1	2	13076	5003	1743	446
53178	1002	39	10.58	18	220	139	80	38	33	15	17	11	48434	33040	11680	4797
53178	1002	40	10.755	14	4	1	0	1	0	0	0	7	19827	7507	2485	759
53178	1002	41	10.895	11	4683	3003	1052	547	91	56	38	22	60427	48902	31168	22475
53178	1001	42	11.005	12	15	6	6	0	3	4	1	2	28912	15465	4060	933
53178	1001	43	11.12	14	2	3	3	1	2	0	0	1	12560	8146	4213	1252
