% Antarctica 2K 2017 isotope anomalies
% weighting method : based on the correlation between site T and regional T from ECHAM5 nudged by ERA-Interim
% smoothing : 5-year binned averages
% col 1 : time, in year AD
% col 2 : East Antarctic Plateau
% col 3 : Wilkes Land Coast
% col 4 : Weddell Sea Coast
% col 5 : Antarctic Peninsula
% col 6 : West Antarctic Ice Sheet
% col 7 : Victoria Land Coast
% col 8 : Dronning Maud Land Coast
% col 9 : West Antarctica : WAIS+Peninsula
% col 10 : East Antarctica
% col 11 : whole Antarctica


Time (year AD)	1. East Antarctic Plateau	2. Wilkes Land Coast	3. Weddell Sea Coast	4. Antarctic Peninsula	5. West Antarctic Ice Sheet	6. Victoria Land Coast	7. Dronning Maud Land Coast	West Antarctica	East Antarctica	All Antarctica
1802.5	-0.3926	-0.7156	0.451	-0.6618	-0.2937	-1.0858	-1.0243	-0.1363	-0.3347	-0.2383
1807.5	-0.1788	-1.036	1.341	-0.7532	-0.5109	-1.0881	1.846	-0.6341	-0.0863	-0.6585
1812.5	-0.1414	-0.4613	0.785	-0.4288	0.2266	-0.0126	0.6917	0.4891	0.183	0.0542
1817.5	-0.0825	-0.5582	1.737	-0.3242	0.2803	-1.1763	-2.8736	0.7199	0.0838	0.2957
1822.5	-0.2407	-0.456	-0.223	-0.3457	0.4788	-1.3753	-0.0381	0.4536	-0.1605	0.0085
1827.5	0.0737	0.1089	-0.371	-0.8987	0.4701	-0.6222	-2.3682	1.0241	-0.2402	0.0077
1832.5	0.0415	0.0849	1.197	-0.1572	0.7868	-0.36	0.459	1.4487	0.331	0.2899
1837.5	-0.1317	-0.3879	-0.315	0.6394	1.589	-1.5857	-1.0877	1.9057	-0.3961	0.672
1842.5	-0.2619	-1.1591	0.519	-1.2958	0.5875	-0.9814	0.4148	1.0284	-0.3096	-0.0593
1847.5	0.0834	-0.1676	0.093	-0.6074	-0.5031	-0.5674	-0.1918	-0.1846	0.2391	-0.1953
1852.5	-0.2714	-0.328	-0.903	-1.1921	1.4387	-0.6229	-0.1142	1.6453	-0.0225	0.3795
1857.5	-0.1371	0.2908	0.003	-0.5971	0.5662	-1.3867	-1.035	0.4607	-0.1596	0.2795
1862.5	-0.0204	0.7611	-1.129	-0.749	0.2416	-0.1645	-0.0734	0.5126	0.0691	-0.0939
1867.5	0.1071	-0.1969	-1.139	-0.7994	0.0671	0.3906	0.2563	0.8599	-0.0669	-0.1408
1872.5	0.2377	-0.1889	-0.689	-0.5159	-0.7051	-1.2228	-1.7592	0.3296	-0.1046	-0.6584
1877.5	-0.0456	-0.4288	-0.915	0.1189	0.5556	-0.508	-1.2534	0.3618	-0.3085	0.3508
1882.5	0.4445	-0.8111	-0.097	-0.9117	0.0526	-0.0947	-0.6477	0.8561	0.1836	0.1006
1887.5	0.2387	-0.5084	1.007	0.0418	0.4247	-0.1091	-1.1177	0.3599	0.1917	0.4251
1892.5	1.0999	-0.8667	0.729	0.0515	0.1544	-0.8595	-1.6517	-0.1623	0.3447	-0.0202
1897.5	0.5572	-0.553	-0.705	-0.774	0.307	-0.2407	-0.2522	0.8512	0.2888	0.2872
1902.5	0.0828	-0.5063	0.769	-0.273	-0.1209	0.142	0.5865	0.0155	0.0408	0.1831
1907.5	0.704	-0.8529	-0.063	-0.7495	0.0625	-0.9371	-0.2249	0.1369	0.1011	-0.1637
1912.5	-0.0774	-0.615	1.133	-0.8762	-0.2643	-0.0766	-0.0503	0.4205	0.1012	-0.2524
1917.5	0.3629	-0.9014	1.097	-0.1049	-0.0121	-0.501	0.1075	0.1191	0.2951	0.0741
1922.5	0.6267	-0.1062	0.079	-0.2899	-0.2534	-0.0378	0.1028	0.3112	0.5796	-0.2571
1927.5	0.5042	-0.3573	-0.563	-0.6719	-0.4283	-0.3683	-0.1623	0.0109	0.4792	-0.395
1932.5	-0.1138	-0.4425	-0.135	-0.5645	-0.1756	0.6458	-1.2558	0.3249	-0.1263	-0.0643
1937.5	0.7686	-1.1045	0.011	0.0499	0.2176	-0.1552	-1.2674	0.9093	0.2983	0.3291
1942.5	0.6288	-0.1409	0.227	0.0081	-0.0334	0.0341	-1.0446	-0.3036	0.4556	0.1909
1947.5	0.5487	-0.1588	1.127	-0.3704	-0.5946	0.1255	-0.7857	-0.4074	0.5231	-0.1487
1952.5	-0.2114	0.0197	-0.585	-0.56	0.1329	-0.299	-0.8813	-0.0125	-0.09	-0.1102
1957.5	0.2284	-0.3192	0.421	-0.3546	-0.463	0.2059	0.6752	-0.1908	0.3444	-0.3205
1962.5	-0.205	-0.3229	-0.521	-0.4174	-0.5896	-0.4309	0.1567	-0.5808	-0.4269	-0.4418
1967.5	-0.0462	-0.0013	-0.275	-0.503	0.3098	0.8443	-0.0514	-0.0164	0.0135	0.2517
1972.5	-0.0278	-0.4995	-0.645	0.6419	0.5306	-0.1414	-0.024	0.4956	-0.0957	0.1968
1977.5	-0.0761	-0.1541	-0.335	-0.0208	-0.414	-0.1383	-0.086	-0.6632	-0.1133	-0.3122
1982.5	-0.0895	0.5812	1.079	0.1259	0.4584	0.3681	-0.1562	0.7129	0.0982	0.4603
1987.5	0.2734	0.3965	0.697	0.1735	-0.3488	-0.5019	0.4111	0.118	0.578	-0.2326
1992.5	-0.0153	-0.3518	-1.5623	-0.1354	0.1142	0.4077	0.8281	0.2245	0.0354	0.1125
1997.5	0.9598	      NaN	      NaN	0.5673	-0.2183	-0.7936	0.3733	-0.0733	0.7054	-0.0556
2002.5	0.2146	      NaN	      NaN	0.5838	0.0646	-1.2816	1.1614	0.242	0.0178	0.0341
2007.5	0.9965	      NaN	      NaN	0.9898	0.9844	      NaN	0.5825	1.0674	0.9766	0.9212
2012.5	      NaN	      NaN	      NaN	      NaN	2.1462	      NaN	      NaN	2.1462	      NaN	2.1462
