% Antarctica 2K 2017 isotope anomalies
% units:
% weighting method : based on the correlation between site d18O and regional d18O from ECHAM5 nudged by ERA-Interim
% smoothing : 10-year binned averages
% col 1 : time, in year AD
% col 2 : East Antarctic Plateau
% col 3 : Wilkes Land Coast
% col 4 : Weddell Sea Coast
% col 5 : Antarctic Peninsula
% col 6 : West Antarctic Ice Sheet
% col 7 : Victoria Land Coast
% col 8 : Dronning Maud Land Coast
% col 9 : West Antarctica : WAIS+Peninsula
% col 10 : East Antarctica
% col 11 : whole Antarctica


Time (year AD)	1. East Antarctic Plateau	2. Wilkes Land Coast	3. Weddell Sea Coast	4. Antarctic Peninsula	5. West Antarctic Ice Sheet	6. Victoria Land Coast	7. Dronning Maud Land Coast	West Antarctica	East Antarctica	All Antarctica
5	-0.0347	      NaN	      NaN	0.1431	-1.0613	0.1196	      NaN	-1.2846	0.0029	-0.8737
15	-0.8629	      NaN	      NaN	-0.0994	0.5842	0.6353	      NaN	0.2262	-0.2118	0.6324
25	0.9706	      NaN	      NaN	-0.0569	-0.0059	-0.834	      NaN	-0.3081	0.2711	-0.076
35	-0.5981	      NaN	      NaN	0.2762	0.7361	-0.501	      NaN	0.4368	-0.5926	0.6105
45	-1.1621	      NaN	      NaN	0.0112	-0.3344	0.4678	      NaN	-0.9442	-0.5119	-0.1518
55	1.0656	      NaN	      NaN	0.1437	-0.0812	-0.8535	      NaN	-0.7273	0.2947	-0.0994
65	-0.6127	      NaN	      NaN	0.6481	0.042	0.81	      NaN	-0.4966	-0.105	0.2126
75	-0.2292	      NaN	      NaN	0.1724	0.187	0.402	      NaN	-0.3641	-0.0449	0.2841
85	0.3869	      NaN	      NaN	0.3662	0.6926	1.669	      NaN	0.3709	0.782	0.8584
95	-1.4566	      NaN	      NaN	-0.2551	-0.631	0.323	      NaN	-1.3717	-0.7535	-0.412
105	-0.3996	      NaN	      NaN	0.2831	-0.105	-1.229	      NaN	-0.5658	-0.7091	-0.1915
115	-0.5345	      NaN	      NaN	0.2787	-0.5944	-0.121	      NaN	-1.1709	-0.4111	-0.4561
125	0.6797	      NaN	      NaN	0.4949	0.0882	2.449	      NaN	-0.1288	1.2256	0.4246
135	-0.0152	      NaN	      NaN	0.4112	0.6372	0.2429	      NaN	0.5401	0.0889	0.5969
145	0.7391	      NaN	      NaN	0.6689	0.1128	-0.0993	      NaN	-0.3129	0.3855	0.1414
155	0.9026	      NaN	      NaN	0.3128	-0.0117	-0.6504	      NaN	-0.5718	0.258	-0.0229
165	0.8961	      NaN	      NaN	0.4393	0.0772	-1.8197	      NaN	-0.2485	-0.1858	-0.127
175	1.2496	-0.2578	      NaN	0.0468	-0.232	0.0953	      NaN	-0.5628	0.4838	-0.1497
185	-0.1589	0.6046	      NaN	0.2312	-0.7945	1.094	      NaN	-1.217	0.3093	-0.4615
195	-0.0307	-0.0952	      NaN	0.3556	-0.5951	-1.006	      NaN	-1.0357	-0.287	-0.5784
205	-0.3988	0.5562	      NaN	-0.3132	-0.3988	-1.1422	      NaN	-1.0544	-0.4477	-0.392
215	0.4218	0.0202	      NaN	0.1356	-0.5373	1.2218	      NaN	-1.3017	0.6494	-0.2026
225	0.4776	0.1535	      NaN	-0.2932	0.4879	-0.003	      NaN	-0.0378	0.2592	0.4756
235	0.7717	-0.2326	      NaN	-0.0232	0.079	1.457	      NaN	-0.3465	0.7852	0.2989
245	0.387	0.416	      NaN	0.1406	-0.1604	0.956	      NaN	-0.5637	0.5386	0.0472
255	-0.2422	0.1462	      NaN	-0.278	0.1882	-0.621	      NaN	-0.1408	-0.2975	0.1202
265	0.0693	0.1196	      NaN	-0.4134	0.1125	-0.221	      NaN	-0.1027	-0.0616	0.093
275	0.4071	0.0607	      NaN	0.3618	0.3892	0.134	      NaN	0.2185	0.1995	0.3685
285	0.0486	-0.3666	      NaN	0.0049	-0.8757	-1.704	      NaN	-1.327	-0.4525	-0.9115
295	0.6533	0.5039	      NaN	-0.1119	0.0186	0.4965	      NaN	-0.1658	0.4995	0.1136
305	0.402	0.0811	      NaN	0.0456	0.5774	-0.977	      NaN	0.2977	-0.1683	0.396
315	0.8652	0.225	      NaN	-0.1869	0.0663	-1.4135	      NaN	-0.2701	-0.053	-0.0812
325	0.4969	0.5196	      NaN	-0.5551	-0.3247	-0.466	      NaN	-0.8266	0.2007	-0.263
335	1.0651	0.322	      NaN	-0.1269	-0.1808	0.393	      NaN	-0.401	0.6231	-0.0679
345	0.2489	0.2203	      NaN	-0.5657	0.2028	0.0565	      NaN	-0.5034	0.157	0.2652
355	1.0505	0.1534	      NaN	0.5518	-0.1848	-0.0388	      NaN	-0.4954	0.4504	-0.117
365	0.493	0.736	      NaN	0.3756	-0.652	-0.6397	      NaN	-0.9127	0.0512	-0.5799
375	1.5116	0.0983	      NaN	0.1968	-0.691	      NaN	      NaN	-1.3332	1.0869	-0.6698
385	0.8139	0.4238	      NaN	0.5699	-0.1082	-0.336	      NaN	-0.492	0.3483	-0.0753
395	-0.0446	0.3922	      NaN	0.8399	-0.4813	0.25	      NaN	-0.7261	-0.0334	-0.33
405	2.479	-0.3372	      NaN	0.0306	-0.2182	-1.8288	      NaN	-0.8286	0.6537	-0.3543
415	1.4877	0.7066	      NaN	0.1674	-0.353	0.0524	      NaN	-0.6893	0.9426	-0.2319
425	1.5265	0.1877	      NaN	-0.5119	-0.1408	-1.1831	      NaN	-0.644	0.3544	-0.2051
435	1.1378	0.0908	      NaN	0.3381	-0.0325	-0.696	      NaN	-0.4557	0.25	-0.0189
445	3.977	0.4948	      NaN	-0.0513	-0.4254	-0.5197	      NaN	-0.9698	1.7733	-0.3747
455	2.4144	0.1412	      NaN	0.1556	-0.1459	-0.356	      NaN	-0.7577	1.0364	-0.0835
465	1.6358	0.2563	      NaN	0.7118	-0.3513	-0.239	      NaN	-1.1768	0.7167	-0.224
475	1.0929	0.1213	      NaN	0.8499	-1.4228	-0.9	      NaN	-2.0876	0.2315	-1.1843
485	0.0736	0.5589	      NaN	0.5262	-0.0625	0.78	      NaN	-0.5189	0.3762	0.1074
495	-0.0886	0.5129	      NaN	0.4962	-0.086	-0.066	      NaN	-0.5371	-0.0195	0.0046
505	1.0002	0.4076	      NaN	0.1574	-0.024	0.0983	      NaN	-0.4298	0.629	0.0506
515	1.4334	0.1638	      NaN	0.5299	-0.2605	      NaN	      NaN	-0.9286	1.1582	-0.22
525	1.2226	-0.0442	      NaN	0.3099	-0.2603	0.456	      NaN	-0.8176	0.6919	-0.1024
535	1.1482	0.2106	      NaN	0.3406	0.2745	      NaN	      NaN	-0.0552	0.8944	0.2815
545	0.6349	0.6813	      NaN	-0.0276	0.3775	-0.0926	      NaN	-0.1066	0.3899	0.4214
555	1.7524	0.8376	      NaN	0.1081	-0.5447	0.414	      NaN	-1.1991	1.0517	-0.2889
565	0.838	-0.3651	      NaN	-0.3001	-0.2004	-0.391	      NaN	-0.6079	0.2021	-0.163
575	0.863	0.5664	      NaN	-0.3826	0.3693	-0.151	      NaN	0.1489	0.4283	0.3353
585	1.1999	0.274	      NaN	0.2212	1.0409	-1.246	      NaN	1.3994	0.2461	0.6841
595	1.6854	0.3659	      NaN	0.1143	-0.1869	0.743	      NaN	-0.5914	1.1451	0.0163
605	-0.3107	0.3863	      NaN	0.0449	-0.1194	-1.273	      NaN	-1.0462	-0.4327	-0.1278
615	1.6385	0.068	      NaN	0.0887	-0.415	-0.818	      NaN	-1.2175	0.5622	-0.311
625	0.508	0.2128	      NaN	-0.5801	-0.1802	0.474	      NaN	-0.7832	0.4151	-0.0163
635	-0.2619	0.0799	      NaN	-0.1232	0.765	1.491	      NaN	0.8239	0.2366	0.8057
645	0.7984	0.4257	      NaN	-0.1919	-0.4855	0.163	      NaN	-0.8803	0.4746	-0.3009
655	-0.4236	-0.0294	      NaN	-0.3607	-0.7789	0.0474	      NaN	-1.3936	-0.247	-0.5965
665	1.1008	0.3913	      NaN	-0.1607	-0.1771	0.7607	      NaN	-0.6165	0.8774	-0.0217
675	1.0102	0.0915	      NaN	0.0831	0.6515	0.422	      NaN	0.2051	0.6783	0.658
685	1.256	0.484	      NaN	-0.2838	-0.0541	-0.594	      NaN	-0.4892	0.4917	-0.0434
695	0.4246	0.5635	      NaN	-0.1657	-0.2504	1.513	      NaN	-0.3634	0.6465	-0.0149
705	2.1511	0.9663	      NaN	-0.1347	-0.0937	-0.716	      NaN	-0.5793	0.9196	-0.0898
715	0.7187	1.1028	      NaN	-0.2411	0.0178	0.0118	      NaN	-0.2671	0.5189	0.0784
725	0.6739	-0.1406	      NaN	0.3149	0.5618	0.494	      NaN	0.1963	0.5456	0.611
735	0.4639	0.3418	      NaN	0.2187	-0.38	-0.356	      NaN	-0.7888	0.129	-0.2909
745	0.386	0.6987	      NaN	-0.4938	0.1444	-0.271	      NaN	-0.311	0.2534	0.1701
755	0.162	0.4938	      NaN	-0.2894	0.4552	-0.411	      NaN	0.1645	-0.011	0.3675
765	0.1952	0.4174	      NaN	-0.5757	0.0215	0.4569	      NaN	-0.1653	0.314	0.0992
775	1.812	0.7253	      NaN	0.2212	-0.1358	-0.326	      NaN	-0.5659	0.9199	-0.1029
785	-0.2742	0.3027	      NaN	-0.4176	-0.6134	-0.209	      NaN	-1.0757	-0.1481	-0.4971
795	0.5183	0.62	      NaN	-0.1294	-0.5376	-0.7522	      NaN	-1.0251	0.1878	-0.4743
805	1.2063	0.4436	      NaN	-0.1057	0.6127	-0.0385	      NaN	0.399	0.69	0.5272
815	-0.8543	0.3452	      NaN	0.2593	0.2428	-0.3037	      NaN	0.1308	-0.397	0.1913
825	0.6882	0.2359	      NaN	0.6049	-0.1669	-0.3971	      NaN	-0.3606	0.355	-0.1622
835	-0.0041	0.8853	      NaN	0.2806	0.1143	-1.17	      NaN	-0.2854	-0.3356	0.0298
845	-0.2481	0.4264	      NaN	-0.1044	-0.2219	-1.2704	      NaN	-0.4397	-0.4449	-0.3155
855	1.4141	0.4426	      NaN	-0.0819	-0.5977	-0.959	      NaN	-1.0467	0.4182	-0.58
865	-0.4604	1.0996	      NaN	0.1031	0.1176	0.5126	      NaN	-0.0162	0.0979	0.2045
875	0.6321	0.5668	      NaN	-0.2351	0.1212	-0.1137	      NaN	-0.2283	0.3246	0.1542
885	0.2393	0.2856	      NaN	-0.2288	0.067	-0.5585	      NaN	-0.1503	0.0133	0.0259
895	1.4507	0.8011	      NaN	-0.1363	-0.1454	-0.734	      NaN	-0.4242	0.6001	-0.1863
905	2.0862	-0.0485	      NaN	-0.0813	0.3249	-0.1222	      NaN	0.2153	0.9958	0.2414
915	2.2612	0.0784	      NaN	-0.5851	0.7139	-0.378	      NaN	0.638	0.9711	0.5643
925	0.6715	0.6935	      NaN	-0.0376	-0.1738	0.702	      NaN	-0.6053	0.6399	0.0045
935	1.5339	0.5598	      NaN	0.6506	-0.1681	-1.069	      NaN	-0.4013	0.5159	-0.2403
945	1.4311	0.0279	      NaN	-0.4738	-0.4692	-0.364	      NaN	-1.0489	0.6321	-0.3652
955	0.9376	-0.019	      NaN	-0.6438	0.1605	-0.322	      NaN	0.0494	0.418	0.0829
965	0.6344	-0.0557	      NaN	-0.4501	0.3878	0.864	      NaN	0.1451	0.5779	0.4458
975	1.4561	0.1552	      NaN	-0.1619	-0.0527	0.844	      NaN	-0.2527	0.8911	0.1034
985	-0.1423	0.5231	      NaN	0.5474	-0.7087	0.9753	      NaN	-1.2405	0.2377	-0.3716
995	0.2397	0.6354	      NaN	-0.3263	-0.2659	-0.5072	      NaN	-0.6195	0.0285	-0.2324
1005	-0.9292	-0.0162	0.6446	0.2031	0.3478	1.462	      NaN	0.2794	0.0772	0.5039
1015	0.9321	0.5127	-0.9564	0.6531	-0.0146	-0.017	      NaN	-0.3483	0.3098	0.0249
1025	-0.3531	0.3954	0.4306	-0.3594	-0.2888	-0.147	      NaN	-0.5029	0.0546	-0.0226
1035	-0.1123	0.405	-0.1324	-0.5119	0.9987	-0.3593	      NaN	0.8136	-0.0744	0.7081
1045	-0.4512	0.4803	0.0876	-0.0126	0.0066	-1.2504	      NaN	-0.1798	-0.2553	0.0043
1055	-0.4817	0.5735	1.3356	-0.3713	-0.2017	1.018	      NaN	-0.4653	0.3895	0.2969
1065	-0.3845	0.0596	-0.3014	-0.7607	0.1612	-0.0785	      NaN	-0.2753	-0.1347	0.2033
1075	0.5115	0.4515	0.6266	-0.1376	-0.0365	-0.736	      NaN	-0.2945	0.3508	0.1267
1085	-1.1901	0.3753	-0.4134	0.0224	-0.2397	-0.016	      NaN	-0.6397	-0.4183	-0.0142
1095	-0.2718	0.4894	-0.3054	-0.1194	-0.0677	0.711	      NaN	-0.0106	-0.0149	-0.0439
1105	0.4979	-0.2884	0.4696	-0.0888	-0.2115	-0.5385	      NaN	-0.6114	0.179	0.0158
1115	-0.0272	0.1552	0.0286	-0.1801	0.2158	0.992	      NaN	0.0449	0.1974	0.262
1125	1.1302	-0.1285	0.3836	0.2037	-0.0103	-0.118	      NaN	-0.154	0.5609	0.0239
1135	2.197	0.2318	0.2976	-0.1288	-0.421	-0.176	      NaN	-0.596	0.9567	-0.2762
1145	1.713	0.3941	1.2211	0.1387	-1.5358	-0.3906	      NaN	-2.0247	0.9003	-0.5473
1155	0.6913	0.1268	-1.4924	-0.7601	-0.0363	1.8317	      NaN	-0.2064	0.6018	0.0709
1165	0.4567	-0.0369	0.5096	-0.2176	-0.6054	-1.058	      NaN	-0.7921	-0.0015	-0.3117
1175	1.2487	0.1973	-0.3784	-0.1188	-0.1726	-0.371	      NaN	-0.3493	0.4289	-0.1393
1185	0.3603	0.2767	-0.0934	-0.4026	0.1343	1.2518	      NaN	0.0286	0.6284	0.2492
1195	-0.181	-0.1533	0.0256	-0.7563	-0.486	-0.7971	      NaN	-0.8798	-0.2624	-0.2598
1205	0.1393	0.3	1.2206	-0.4688	0.2431	-1.1149	      NaN	-0.0799	0.1026	0.2446
1215	-0.3168	0.4273	-1.2834	-0.3113	0.503	-0.1551	      NaN	0.4155	-0.3297	0.0911
1225	-0.6771	0.0636	-0.4204	-0.2238	-0.0046	-0.4823	      NaN	-0.163	-0.5281	-0.043
1235	-0.0178	0.278	0.3666	-0.3926	-0.0156	0.4811	      NaN	-0.1398	0.1707	0.1258
1245	-0.1809	0.3434	1.5886	-0.1701	0.1885	-0.1055	      NaN	-0.0598	0.3395	0.4528
1255	-0.1957	0.0705	0.5476	0.4184	0.1397	-0.5917	      NaN	0.0102	-0.1393	0.1054
1265	-0.1568	-0.0924	0.2426	-0.1927	-0.1627	0.7744	      NaN	-0.3173	0.07	0.0694
1275	-0.1769	-0.2265	1.0516	0.4728	-0.1395	0.0026	      NaN	-0.1111	-0.0011	0.1146
1285	-0.7636	-0.0909	0.4216	-0.7527	-0.5342	0.0859	      NaN	-0.9438	-0.3384	-0.139
1295	-0.4337	-0.0696	0.4496	0.2528	-0.6321	-0.678	      NaN	-0.6954	-0.3381	-0.5271
1305	-0.4828	0.3554	0.2296	-0.4889	0.2128	-0.408	      NaN	-0.0138	-0.2541	0.0866
1315	0.6254	0.4176	0.0866	0.1775	-0.0092	0.5042	      NaN	-0.2334	0.4841	0.0568
1325	-0.7905	0.4673	0.0846	0.0833	-0.2591	-0.8528	      NaN	-0.283	-0.418	-0.2619
1335	-1.1699	0.3664	-1.1714	-0.0703	-0.0666	-1.0731	      NaN	-0.2556	-0.8664	-0.306
1345	0.2374	0.67	0.9956	0.3091	-0.58	-1.3849	      NaN	-0.8366	0.1481	-0.2882
1355	0.0082	0.4242	0.4076	-0.2057	0.4145	-0.1479	      NaN	0.4558	0.0594	0.2325
1365	0.319	0.1566	0.4286	-0.467	0.002	-0.2994	      NaN	-0.1834	0.1165	-0.0113
1375	-0.3037	0.1865	0.2326	-0.7589	-0.1164	-0.9525	      NaN	-0.2296	-0.2759	-0.0095
1385	0.6884	0.4828	1.3986	-0.9056	-0.3377	-1.1869	      NaN	-0.3925	0.4319	-0.0703
1395	-0.911	0.4387	1.2666	-0.1673	-0.6723	-1.4875	      NaN	-0.9306	-0.434	-0.3343
1405	-0.0854	0.5316	0.6756	0.3294	0.3302	-0.863	      NaN	0.0175	0.0407	0.3153
1415	-0.6792	0.5285	0.1606	-0.4398	-0.0529	-0.4614	      NaN	-0.1203	-0.3959	-0.1101
1425	-0.3342	-0.0005	1.3556	-1.3072	-0.0301	-1.0295	      NaN	-0.1751	-0.0342	-0.0241
1435	-0.8225	0.4233	0.4986	-0.6248	-0.172	-0.7551	      NaN	-0.3891	-0.423	-0.0355
1445	-0.3267	-0.011	-0.0064	0.1212	-0.0548	0.1202	      NaN	-0.185	-0.1843	0.1018
1455	-1.0842	0.2178	0.0006	-0.8767	-0.7105	-1.0776	      NaN	-0.7085	-0.6523	-0.6657
1465	0.586	0.2826	0.3306	0.6809	-0.8081	-0.8406	      NaN	-1.1587	0.2546	-0.5583
1475	-0.6892	0.5344	0.4126	0.0882	-0.1405	0.3463	      NaN	-0.1642	-0.0816	-0.0155
1485	0.2854	0.019	-0.9944	-0.3425	0.9338	-0.1538	      NaN	1.1068	0.0041	0.4053
1495	-0.4229	0.081	1.1056	-0.4272	0.1053	-0.5454	      NaN	-0.075	-0.2737	0.0694
1505	0.0364	0.1769	-0.4304	0.1701	-0.1689	-1.2698	      NaN	-0.2701	-0.3814	-0.3578
1515	-0.235	0.4325	-0.1534	-0.5177	0.0448	-1.6131	      NaN	-0.0877	-0.5349	-0.1724
1525	-0.3773	0.9204	0.1786	-0.1703	0.735	-0.1352	      NaN	0.915	-0.2465	0.3475
1535	0.3675	0.1926	0.8236	0.0984	0.4931	0.1633	-1.0429	0.586	0.0913	0.2837
1545	-0.4909	0.0206	0.9926	-0.0863	0.1137	-1.1538	-1.0379	0.1747	-0.1902	0.0958
1555	-0.1023	0.3213	0.1206	-0.8296	0.5441	-0.3891	-1.4402	0.5334	-0.1084	0.3215
1565	-0.304	0.3581	0.2546	0.0112	0.2168	-0.4039	-1.3512	0.2153	-0.1844	0.1238
1575	-1.0344	-0.1132	0.0676	-0.3665	-0.2418	-1.2944	-1.8259	-0.3477	-0.8412	-0.3292
1585	0.5935	0.1277	-0.6834	-0.6409	-0.4791	-1.2585	-0.9721	-0.7444	-0.0495	-0.497
1595	-0.317	0.0007	-0.3674	0.5903	-0.1913	-0.685	-3.1995	-0.3164	-0.4652	-0.0651
1605	-0.0441	0.3563	0.5476	0.0088	0.6241	0.3927	-3.2031	0.8345	-0.2742	0.3675
1615	-0.4215	0.6166	-0.6544	0.3065	-0.0389	0.0558	-1.3734	-0.1546	-0.4387	-0.0867
1625	-0.962	0.2705	0.3286	-0.0624	-0.1087	-1.1158	-1.4144	-0.1541	-0.9899	-0.4357
1635	-0.4329	0.0098	0.3016	-0.1104	0.4346	-0.6605	-0.9858	0.3773	-0.49	0.1192
1645	-0.1673	0.2414	0.5356	-0.3682	0.1518	-0.7062	-1.1233	0.2586	-0.2409	0.015
1655	-0.3863	0.5082	-0.1234	-0.0064	0.6815	-0.4224	-2.0656	0.6202	-0.4813	0.2587
1665	-0.8659	0.0543	1.6186	0.0145	0.3636	-0.0861	-2.7702	0.435	-0.7822	0.0688
1675	-0.3787	0.2862	0.1466	0.0629	-0.4629	-1.1947	-1.2869	-0.536	-0.502	-0.5216
1685	0.0641	0.2924	-0.2714	-0.1086	0.0151	-0.6051	-1.8326	-0.1538	-0.2069	-0.1456
1695	-0.5354	-0.4435	-0.6984	-0.2069	0.5596	-1.2234	-3.6659	0.5587	-1.0352	-0.2286
1705	-0.4406	0.1617	0.3176	0.1226	0.0823	-0.6768	-1.1781	0.0848	-0.5818	-0.1266
1715	-0.0812	0.6477	0.0966	-0.0197	-0.1892	-0.3798	-0.5634	-0.2288	-0.169	-0.0728
1725	0.0586	0.3087	0.9016	-0.3186	-0.217	-1.1452	1.813	-0.124	0.144	-0.2608
1735	-0.3118	0.1388	0.9316	0.2577	-0.1868	-0.5519	-1.3032	-0.1462	-0.2263	-0.0456
1745	-0.264	0.038	-0.1504	-0.0381	-0.873	-0.5081	-1.1667	-0.5912	-0.2165	-0.6168
1755	0.1657	0.0771	0.5776	0.0154	-0.45	-0.9785	0.8449	-0.1023	-0.105	-0.4293
1765	-0.4425	-0.256	-0.0104	0.3351	-0.1413	-1.5521	-1.9584	-0.1246	-0.6578	-0.1983
1775	-0.0631	-0.4239	0.1856	0.2001	-0.6904	-1.0201	0.7372	-0.8351	-0.1502	-0.4199
1785	-0.6579	-0.5608	-0.8124	0.0674	-0.442	0.241	-0.8943	-0.3953	-0.766	-0.4142
1795	-0.5523	-0.236	0.3496	0.0767	-0.031	-0.0559	1.8966	0.0809	-0.3241	-0.188
1805	-0.0249	-0.6138	0.7006	-0.1893	-0.1388	-0.8792	0.797	-0.1345	-0.0749	-0.243
1815	-0.2001	-0.2013	1.0656	0.1045	0.2038	-0.0649	-1.1945	0.0722	-0.124	0.2228
1825	-0.6861	0.1666	-0.4924	-0.1148	0.5817	-0.8788	-1.2163	0.3124	-0.5388	0.2045
1835	-0.1081	0.2515	0.2456	0.614	1.109	-1.0322	-0.1396	0.8498	-0.2945	0.616
1845	-0.0082	-0.5763	0.1106	-0.4835	0.1665	-0.4228	0.2859	0.1383	-0.0413	0.1785
1855	-0.3001	0.2945	-0.6454	-0.2037	0.7919	-1.091	-0.4723	0.9702	-0.1939	0.4032
1865	0.1719	0.8227	-1.3294	-0.4092	0.482	0.3426	0.1044	0.2614	0.237	0.2756
1875	-0.1108	0.1234	-0.9974	0.0612	0.2391	-0.4472	-1.3992	0.2535	-0.3043	0.0101
1885	0.2124	-0.3764	0.2596	-0.0897	0.4495	0.4709	-0.5096	0.391	0.2532	0.4167
1895	0.8142	-0.5774	-0.1834	0.01	0.2973	-0.4515	-0.841	0.4407	0.3745	0.1829
1905	0.0101	-0.5612	0.1576	-0.2059	0.1317	-0.1937	0.2078	0.3023	0.0472	-0.14
1915	-0.3259	-0.6912	0.9196	-0.2019	0.1089	-0.1271	0.1278	0.006	-0.1651	0.1175
1925	0.7026	0.1763	-0.4374	-0.2828	-0.1061	-0.0739	0.0319	-0.4311	0.3554	-0.0696
1935	0.2059	-0.6349	-0.2574	-0.0053	0.2122	0.493	-0.9985	0.0323	0.179	0.3302
1945	0.1011	0.282	0.4816	0.0017	-0.2823	0.3513	-0.5999	-0.4062	0.1186	0.0475
1955	-0.1599	0.1681	-0.2774	-0.1003	-0.2065	-0.578	0.006	-0.0001	-0.208	-0.2026
1965	-0.3429	0.3395	-0.5934	-0.174	-0.1425	0.2083	0.4672	0.0613	-0.2591	-0.2807
1975	-0.4006	-0.0791	-0.6854	0.5379	-0.0471	-0.0264	0.5417	0.0737	-0.289	-0.0498
1985	-0.2022	1.0005	0.6926	0.4306	0.2135	0.0033	0.4692	0.2017	-0.0049	0.1807
1995	0.8622	-0.1644	      NaN	0.5143	0.0034	-0.3878	0.9771	-0.0717	0.4164	0.1976
2005	0.5816	      NaN	      NaN	0.7895	0.8204	-0.6277	1.1064	0.9788	0.1852	0.5167
