% Antarctica 2K 2017 temperature reconstruction
% weighting method : based on the correlation between site T and regional T from NB2014 forced by ERA-Interim
% Temperature scaling method : based on 1960-2010 variance of NB2014
% West Antarctica adjusted to match the temperature trend between 1000 and 1400 AD based on borehole temperature measurements (Orsi et al, 2012)
% smoothing : 10-year binned averages
% col 1 : time, in year AD
% col 2 : East Antarctic Plateau
% col 3 : Wilkes Land Coast
% col 4 : Weddell Sea Coast
% col 5 : Antarctic Peninsula
% col 6 : West Antarctic Ice Sheet
% col 7 : Victoria Land Coast
% col 8 : Dronning Maud Land Coast
% col 9 : West Antarctica : WAIS+Peninsula
% col 10 : East Antarctica
% col 11 : Whole Antarctica


Time (year AD)	1. East Antarctic Plateau	2. Wilkes Land Coast	3. Weddell Sea Coast	4. Antarctic Peninsula	5. West Antarctic Ice Sheet	6. Victoria Land Coast	7. Dronning Maud Land Coast	West Antarctica	East Antarctica	All Antarctica
5	-0.0768	      NaN	      NaN	0.1437	-0.8748	0.0675	      NaN	-0.6167	-0.0539	-0.1174
15	-0.4175	      NaN	      NaN	-0.0999	2.2134	0.3585	      NaN	1.0472	-0.4031	0.1623
25	0.6663	      NaN	      NaN	-0.0572	1.0726	-0.4705	      NaN	0.4198	0.606	0.4703
35	-0.5289	      NaN	      NaN	0.2774	2.2984	-0.2827	      NaN	1.2698	-0.6328	-0.1444
45	-0.77	      NaN	      NaN	0.0112	1.6654	0.2639	      NaN	0.5948	-0.7833	-0.166
55	0.6649	      NaN	      NaN	0.1443	2.2211	-0.4815	      NaN	0.9489	0.617	0.6675
65	-0.5216	      NaN	      NaN	0.6508	2.1017	0.4571	      NaN	1.1278	-0.4267	0.169
75	-0.3031	      NaN	      NaN	0.1732	2.3118	0.2268	      NaN	1.0756	-0.2382	0.2667
85	0.079	      NaN	      NaN	0.3677	2.3219	0.9417	      NaN	1.3012	0.388	0.8309
95	-0.9995	      NaN	      NaN	-0.2562	1.6248	0.1823	      NaN	0.39	-1.0523	-0.3583
105	-0.3005	      NaN	      NaN	0.2843	1.5336	-0.6934	      NaN	0.711	-0.5147	-0.2488
115	-0.4815	      NaN	      NaN	0.2799	1.1667	-0.0682	      NaN	0.4148	-0.5228	-0.1462
125	0.2205	      NaN	      NaN	0.497	0.9938	1.3818	      NaN	0.6251	0.6782	0.9346
135	0.0082	      NaN	      NaN	0.4129	1.429	0.1371	      NaN	0.9332	0.0422	0.2691
145	0.454	      NaN	      NaN	0.6717	1.811	-0.056	      NaN	1.0363	0.4977	0.6124
155	0.5159	      NaN	      NaN	0.3142	2.0461	-0.367	      NaN	0.9613	0.4927	0.5786
165	0.503	      NaN	      NaN	0.4412	1.3607	-1.0267	      NaN	0.7523	0.3001	0.1751
175	0.7909	-0.3783	      NaN	0.047	0.8284	0.0538	      NaN	0.2924	0.5688	0.6119
185	-0.2201	0.8871	      NaN	0.2322	0.2835	0.6173	      NaN	-0.0266	0.0839	0.2645
195	-0.2099	-0.1397	      NaN	0.3571	0.6861	-0.5676	      NaN	0.2454	-0.28	-0.0419
205	-0.4379	0.8161	      NaN	-0.3145	1.6814	-0.6445	      NaN	0.4589	-0.3703	-0.053
215	0.1239	0.0297	      NaN	0.1361	1.9158	0.6894	      NaN	0.6865	0.3425	0.6504
225	0.2607	0.2253	      NaN	-0.2944	2.6368	-0.0017	      NaN	1.1202	0.2746	0.5488
235	0.4117	-0.3412	      NaN	-0.0233	1.6583	0.8221	      NaN	0.6994	0.5214	0.6976
245	0.1318	0.6104	      NaN	0.1412	1.2177	0.5394	      NaN	0.5099	0.3653	0.5451
255	-0.4242	0.2146	      NaN	-0.2792	1.4491	-0.3504	      NaN	0.5477	-0.3806	-0.0804
265	-0.069	0.1754	      NaN	-0.4152	0.898	-0.1247	      NaN	0.2462	-0.0648	0.0444
275	0.2931	0.089	      NaN	0.3633	1.2906	0.0756	      NaN	0.7848	0.2506	0.4239
285	-0.1903	-0.5379	      NaN	0.005	0.2259	-0.9614	      NaN	-0.1604	-0.3835	-0.2541
295	0.2263	0.7394	      NaN	-0.1124	0.6791	0.2802	      NaN	0.2434	0.3829	0.4698
305	0.0332	0.119	      NaN	0.0457	1.9404	-0.5512	      NaN	0.9877	-0.0977	0.2348
315	0.4408	0.3302	      NaN	-0.1877	1.2933	-0.7975	      NaN	0.4825	0.2215	0.3318
325	0.2719	0.7624	      NaN	-0.5574	1.2121	-0.2629	      NaN	0.1944	0.3243	0.3606
335	0.6781	0.4725	      NaN	-0.1275	0.4868	0.2218	      NaN	0.1	0.6796	0.6271
345	0.1194	0.3232	      NaN	-0.5681	2.7928	0.0319	      NaN	0.9975	0.1501	0.4716
355	0.4659	0.2251	      NaN	0.5541	0.9023	-0.0219	      NaN	0.5293	0.4297	0.6133
365	0.2895	1.0799	      NaN	0.3772	-0.051	-0.3609	      NaN	-0.0682	0.2858	0.301
375	1.0135	0.1442	      NaN	0.1976	1.237	      NaN	      NaN	0.3845	1.0152	0.9134
385	0.4074	0.6218	      NaN	0.5724	1.2915	-0.1896	      NaN	0.7194	0.4341	0.6175
395	-0.0032	0.5754	      NaN	0.8435	0.2305	0.1411	      NaN	0.275	0.0142	0.23
405	1.3596	-0.4948	      NaN	0.0307	1.8567	-1.0319	      NaN	0.7152	0.9485	0.988
415	0.6903	1.0368	      NaN	0.1681	0.6711	0.0296	      NaN	0.2381	0.8977	0.8707
425	0.6432	0.2753	      NaN	-0.5141	1.5172	-0.6675	      NaN	0.3906	0.3245	0.346
435	0.4604	0.1332	      NaN	0.3395	1.5222	-0.3927	      NaN	0.7484	0.2407	0.4884
445	2.0345	0.726	      NaN	-0.0515	1.2747	-0.2932	      NaN	0.383	1.498	1.1947
455	1.3661	0.2071	      NaN	0.1562	1.9952	-0.2008	      NaN	0.8412	0.9544	0.9231
465	0.6953	0.3761	      NaN	0.7148	2.5153	-0.1348	      NaN	1.2082	0.4824	0.8059
475	0.4805	0.178	      NaN	0.8535	0.2388	-0.5078	      NaN	0.0075	0.2463	0.399
485	-0.1215	0.8201	      NaN	0.5284	1.6207	0.4401	      NaN	0.8521	0.1593	0.4977
495	-0.1361	0.7526	      NaN	0.4983	1.5595	-0.0372	      NaN	0.8085	0.0065	0.3667
505	0.3489	0.598	      NaN	0.1581	1.4477	0.0555	      NaN	0.6512	0.429	0.5719
515	0.6406	0.2403	      NaN	0.5322	2.0674	      NaN	      NaN	0.9803	0.7611	0.7433
525	0.4999	-0.0649	      NaN	0.3112	1.637	0.2573	      NaN	0.7186	0.3647	0.5467
535	0.5187	0.3089	      NaN	0.342	1.6775	      NaN	      NaN	0.9031	0.6066	0.6165
545	0.38	0.9996	      NaN	-0.0277	2.3474	-0.0523	      NaN	1.0696	0.5225	0.7358
555	1.0308	1.2289	      NaN	0.1085	1.503	0.2336	      NaN	0.5033	1.0572	1.0127
565	0.5521	-0.5358	      NaN	-0.3013	1.1063	-0.2206	      NaN	0.2842	0.2198	0.1978
575	0.3521	0.831	      NaN	-0.3842	1.3324	-0.0852	      NaN	0.5125	0.4064	0.4573
585	0.6808	0.402	      NaN	0.2221	0.4057	-0.703	      NaN	0.5557	0.4523	0.3522
595	0.9215	0.5368	      NaN	0.1148	1.1761	0.4192	      NaN	0.475	0.9496	0.8975
605	-0.2621	0.5667	      NaN	0.0451	3.1585	-0.7182	      NaN	1.2874	-0.2581	0.2352
615	0.9591	0.0997	      NaN	0.0891	2.2422	-0.4615	      NaN	0.8392	0.6349	0.7426
625	0.3308	0.3123	      NaN	-0.5825	1.8045	0.2675	      NaN	0.4719	0.3253	0.3901
635	-0.1809	0.1172	      NaN	-0.1237	0.996	0.8413	      NaN	0.5879	-0.0065	0.1596
645	0.3836	0.6246	      NaN	-0.1928	0.6191	0.092	      NaN	0.041	0.4353	0.4495
655	-0.3329	-0.0431	      NaN	-0.3622	0.9184	0.0267	      NaN	0.0146	-0.3644	-0.1747
665	0.5104	0.5741	      NaN	-0.1614	1.2783	0.4292	      NaN	0.4152	0.5801	0.5733
675	0.4966	0.1343	      NaN	0.0834	2.6658	0.2381	      NaN	1.3233	0.471	0.6948
685	0.655	0.7101	      NaN	-0.285	1.4427	-0.3351	      NaN	0.4721	0.5574	0.5543
695	0.2471	0.8269	      NaN	-0.1664	-0.0172	0.8537	      NaN	-0.1434	0.462	0.3751
705	1.0186	1.4178	      NaN	-0.1352	1.5824	-0.404	      NaN	0.5751	0.9134	0.8825
715	0.2703	1.6181	      NaN	-0.2421	1.022	0.0067	      NaN	0.3356	0.5496	0.5826
725	0.3737	-0.2063	      NaN	0.3163	2.2634	0.2788	      NaN	1.2193	0.3956	0.6343
735	0.3486	0.5015	      NaN	0.2196	0.8968	-0.2008	      NaN	0.343	0.2725	0.3482
745	0.2694	1.0252	      NaN	-0.4959	1.8042	-0.1529	      NaN	0.5993	0.4042	0.4675
755	0.1752	0.7245	      NaN	-0.2907	1.7371	-0.2319	      NaN	0.7403	0.161	0.2743
765	-0.0402	0.6125	      NaN	-0.5781	0.6268	0.2578	      NaN	0.0458	0.1676	0.1802
775	0.7055	1.0642	      NaN	0.2221	1.3654	-0.1839	      NaN	0.6089	0.7108	0.7674
785	-0.3733	0.4442	      NaN	-0.4193	0.6257	-0.1179	      NaN	-0.0797	-0.2485	-0.0999
795	0.3711	0.9098	      NaN	-0.13	0.85	-0.4244	      NaN	0.1445	0.3792	0.3435
805	0.5106	0.6509	      NaN	-0.1061	1.6044	-0.0217	      NaN	0.7917	0.5306	0.576
815	-0.6216	0.5065	      NaN	0.2604	0.8272	-0.1714	      NaN	0.5119	-0.3444	-0.0477
825	0.3255	0.3461	      NaN	0.6075	0.4955	-0.224	      NaN	0.3855	0.3262	0.378
835	-0.0169	1.299	      NaN	0.2817	1.6074	-0.6601	      NaN	0.8015	-0.0082	0.2989
845	-0.3096	0.6257	      NaN	-0.1049	0.3944	-0.7168	      NaN	0.0575	-0.2959	-0.1462
855	0.5672	0.6494	      NaN	-0.0823	0.5682	-0.5411	      NaN	0.0239	0.3585	0.3318
865	-0.2922	1.6134	      NaN	0.1035	0.6228	0.2892	      NaN	0.3264	0.1887	0.3358
875	0.4	0.8317	      NaN	-0.2361	1.3154	-0.0642	      NaN	0.4821	0.4266	0.4692
885	0.2491	0.4191	      NaN	-0.2298	0.8639	-0.3151	      NaN	0.2908	0.1948	0.189
895	0.7244	1.1754	      NaN	-0.1369	0.6872	-0.4141	      NaN	0.1852	0.6385	0.5233
905	0.9134	-0.0712	      NaN	-0.0817	0.7904	-0.069	      NaN	0.3816	0.6423	0.5238
915	0.96	0.1151	      NaN	-0.5876	1.2558	-0.2133	      NaN	0.4986	0.6987	0.5946
925	0.1782	1.0176	      NaN	-0.0377	1.1548	0.3961	      NaN	0.4041	0.4234	0.5448
935	0.6565	0.8213	      NaN	0.6533	0.598	-0.6031	      NaN	0.4413	0.5063	0.5525
945	0.5594	0.0409	      NaN	-0.4758	1.1679	-0.2054	      NaN	0.1587	0.3932	0.3875
955	0.3806	-0.0279	      NaN	-0.6466	0.5105	-0.1817	      NaN	0.0084	0.2621	0.1207
965	0.1636	-0.0818	      NaN	-0.452	1.3551	0.4875	      NaN	0.4965	0.2242	0.2967
975	0.6434	0.2277	      NaN	-0.1626	0.6242	0.4762	      NaN	0.1826	0.5898	0.5659
985	-0.1858	0.7675	      NaN	0.5498	0.7396	0.5503	      NaN	0.2991	0.0939	0.3926
995	-0.0181	0.9324	      NaN	-0.3277	0.7149	-0.2862	      NaN	0.0875	0.0706	0.1591
1005	-0.7504	-0.0237	0.3219	0.2039	0.761	0.8249	      NaN	0.4878	-0.2477	0.0493
1015	0.275	0.7523	-0.4777	0.6558	1.1604	-0.0096	      NaN	0.7161	0.322	0.4805
1025	-0.2297	0.5801	0.2151	-0.361	0.1879	-0.0829	      NaN	-0.1487	0.0685	0.0887
1035	-0.0038	0.5943	-0.0662	-0.5141	2.0509	-0.2027	      NaN	0.9333	0.1347	0.3754
1045	-0.5816	0.7048	0.0437	-0.0126	0.6205	-0.7055	      NaN	0.2493	-0.34	-0.1593
1055	-0.3925	0.8415	0.6671	-0.3729	0.516	0.5744	      NaN	0.009	0.2346	0.3352
1065	-0.3162	0.0874	-0.1506	-0.7639	1.5911	-0.0443	      NaN	0.4056	-0.2394	0.0605
1075	0.0752	0.6625	0.313	-0.1382	0.7597	-0.4152	      NaN	0.2442	0.2388	0.2923
1085	-0.7676	0.5506	-0.2065	0.0225	0.9927	-0.009	      NaN	0.3446	-0.4942	-0.1517
1095	-0.1031	0.718	-0.1526	-0.12	-0.3197	0.4012	      NaN	-0.1967	0.0849	0.0365
1105	0.3178	-0.4231	0.2345	-0.0892	0.9843	-0.3038	      NaN	0.3038	0.0729	0.2001
1115	-0.1396	0.2277	0.0143	-0.1808	0.835	0.5597	      NaN	0.3318	-0.0528	0.1397
1125	0.6075	-0.1885	0.1916	0.2045	0.4652	-0.0666	      NaN	0.262	0.2734	0.272
1135	1.1069	0.3401	0.1486	-0.1294	-0.0522	-0.0993	      NaN	-0.1922	0.6612	0.4576
1145	0.9924	0.5783	0.6099	0.1393	-0.6854	0.2094	      NaN	-0.6781	0.8987	0.5927
1155	0.2479	0.186	-0.7455	-0.7633	0.4423	0.6087	      NaN	-0.1171	0.3146	0.3312
1165	0.1285	-0.0541	0.2545	-0.2185	-0.3249	0.1075	      NaN	-0.3932	-0.0663	-0.0985
1175	0.5797	0.2895	-0.189	-0.1193	0.2929	-0.0826	      NaN	0.0218	0.3389	0.2838
1185	0.1065	0.406	-0.0467	-0.4043	0.5319	-0.111	      NaN	0.1056	0.4672	0.4248
1195	-0.3267	-0.225	0.0128	-0.7595	0.5288	-0.4002	      NaN	-0.2105	-0.3365	-0.194
1205	-0.2372	0.4402	0.6097	-0.4708	1.3614	-0.6044	      NaN	0.4459	-0.1484	0.085
1215	-0.2505	0.6269	-0.6411	-0.3126	1.0018	-0.0682	      NaN	0.4366	-0.1967	-0.0587
1225	-0.5984	0.0932	-0.21	-0.2248	0.4294	-0.0903	      NaN	0.0829	-0.4738	-0.2615
1235	-0.2433	0.4079	0.1831	-0.3942	0.3674	0.0441	      NaN	-0.0017	0.0145	0.0921
1245	-0.4023	0.5039	0.7935	-0.1708	1.0964	0.2558	      NaN	0.438	-0.0939	0.1412
1255	-0.2256	0.1034	0.2735	0.4202	0.6687	-0.1627	      NaN	0.4703	-0.2754	-0.0787
1265	-0.2249	-0.1355	0.1212	-0.1935	0.2047	0.4082	      NaN	-0.0412	-0.0655	0.0599
1275	-0.2206	-0.3324	0.5252	0.4748	-0.2372	0.7331	      NaN	0.043	-0.2237	-0.1625
1285	-0.5223	-0.1333	0.2106	-0.7559	0.4666	-0.0764	      NaN	-0.2524	-0.344	-0.1571
1295	-0.0999	-0.1021	0.2245	0.2539	-0.7142	-1.3707	      NaN	-0.3806	-0.0422	-0.1475
1305	-0.1811	0.5215	0.1147	-0.491	0.9942	-0.9904	      NaN	0.2799	-0.0761	0.0731
1315	0.3372	0.6127	0.0432	0.1782	0.7707	-0.7155	      NaN	0.3803	0.3374	0.4396
1325	-0.2081	0.6857	0.0422	0.0837	-0.2722	-1.103	      NaN	-0.1526	-0.018	-0.1227
1335	-0.7351	0.5376	-0.5851	-0.0706	0.5245	-1.2331	      NaN	0.1679	-0.6252	-0.362
1345	0.1592	0.983	0.4973	0.3104	-0.0173	-0.6259	      NaN	-0.0627	0.1458	0.0697
1355	0.0271	0.6224	0.2036	-0.2066	0.4446	-0.3508	      NaN	0.2229	-0.0204	-0.0007
1365	0.2379	0.2298	0.2141	-0.469	0.5522	-0.85	      NaN	0.0472	0.1486	0.1534
1375	-0.0125	0.2736	0.1162	-0.7622	0.0761	0.0221	      NaN	-0.2944	-0.045	-0.1731
1385	0.4864	0.7085	0.6986	-0.9095	-0.4081	-0.6141	      NaN	-0.6068	0.4374	0.1663
1395	-0.1774	0.6437	0.6326	-0.168	-0.1855	-0.541	      NaN	-0.3372	-0.0575	-0.212
1405	-0.1075	0.78	0.3374	0.3308	1.6198	-0.3403	      NaN	0.8858	-0.1308	0.1686
1415	-0.577	0.7755	0.0802	-0.4417	0.0643	0.0321	      NaN	-0.1588	-0.5689	-0.4213
1425	-0.4087	-0.0008	0.6771	-1.3127	0.4546	-0.6899	      NaN	-0.2174	-0.3556	-0.2295
1435	-0.5337	0.6211	0.249	-0.6275	0.3356	-0.2916	      NaN	-0.0752	-0.372	-0.2255
1445	-0.1736	-0.0162	-0.0032	0.1218	0.3	0.5831	      NaN	0.1758	-0.2421	-0.149
1455	-0.5314	0.3196	0.0003	-0.8804	-1.1388	-0.5987	      NaN	-1.0041	-0.4695	-0.6402
1465	0.2488	0.4146	0.1651	0.6838	-0.0045	-0.8242	      NaN	0.0496	0.0706	0.0971
1475	-0.5691	0.7842	0.2061	0.0886	-0.0434	0.4868	      NaN	-0.0249	-0.5698	-0.4455
1485	-0.1255	0.0279	-0.4967	-0.344	0.8413	0.048	      NaN	0.5042	-0.4004	-0.1607
1495	-0.2547	0.1189	0.5522	-0.429	0.6343	-0.4732	      NaN	0.2009	-0.0563	0.1375
1505	-0.0152	0.2595	-0.215	0.1736	0.1409	-1.0143	      NaN	0.0888	-0.268	-0.2226
1515	-0.1902	0.6346	-0.0766	-0.3671	0.1074	-1.3573	      NaN	0.0188	-0.323	-0.1963
1525	-0.1938	1.3505	0.0892	-0.1214	0.5524	-0.1664	      NaN	0.3699	-0.134	-0.0925
1535	0.3202	0.2826	0.4114	0.1044	0.5057	-0.0866	-0.1965	0.3768	0.357	0.2623
1545	-0.352	0.0302	0.4958	0.0209	-0.037	-0.9025	-0.1955	0.017	-0.4047	-0.3466
1555	-0.2106	0.4714	0.0602	-0.592	0.8186	-0.3857	-0.2713	0.3286	-0.0262	0.1659
1565	-0.2773	0.5255	0.1271	-0.1387	0.3328	-0.3875	-0.2545	0.1409	-0.1492	-0.0937
1575	-0.6393	-0.1661	0.0337	-0.4033	-0.0966	-1.02	-0.344	-0.2406	-0.5531	-0.4942
1585	0.2208	0.1874	-0.3414	-0.469	0.1473	-0.9173	-0.1831	-0.1638	-0.1196	-0.1195
1595	-0.3139	0.001	-0.1835	0.3777	-0.0349	-0.425	-0.6027	0.0966	-0.3976	-0.2645
1605	0.1367	0.5228	0.2735	-0.0662	-0.0168	0.204	-0.6034	0.1253	0.1505	0.1014
1615	-0.325	0.9048	-0.3269	0.2507	0.3696	0.0397	-0.2587	0.2562	-0.3029	-0.2076
1625	-0.7164	0.3969	0.1641	-0.2509	0.0493	-1.012	-0.2664	-0.1287	-0.6938	-0.5851
1635	-0.2983	0.0143	0.1506	-0.2525	0.6617	-0.5683	-0.1857	0.3311	-0.2009	-0.0778
1645	-0.3216	0.3542	0.2675	-0.2468	-0.0588	-0.5874	-0.2116	-0.0965	-0.449	-0.4448
1655	-0.5054	0.7457	-0.0617	0.1371	1.2682	-0.1767	-0.3891	0.8398	-0.5207	-0.2165
1665	-0.3913	0.0796	0.8085	-0.0576	0.3499	-0.1033	-0.5219	0.2068	-0.1769	-0.1406
1675	-0.3056	0.4199	0.0732	-0.1832	-0.3697	-0.9713	-0.2424	-0.3993	-0.2868	-0.225
1685	-0.346	0.429	-0.1356	0.1972	0.5682	-0.6469	-0.3452	0.4299	-0.3041	-0.2035
1695	-0.4445	-0.6508	-0.3489	-0.1024	1.0511	-1.2703	-0.6906	0.6152	-0.5766	-0.3816
1705	-0.2078	0.2373	0.1586	0.0285	0.1398	-0.4706	-0.2219	0.0717	-0.3467	-0.215
1715	-0.0404	0.9503	0.0482	-0.0014	-0.1122	-0.0979	-0.1061	-0.1416	-0.217	-0.168
1725	-0.0611	0.4529	0.4503	-0.2959	0.463	-0.9114	0.3415	0.1735	-0.1322	-0.2497
1735	-0.183	0.2036	0.4653	0.2622	0.1003	-0.3756	-0.2455	0.1431	-0.1048	-0.0905
1745	-0.1926	0.0558	-0.0751	-0.1494	-1.5079	-0.3856	0.1839	-1.0858	-0.1941	-0.3233
1755	0.2085	0.1132	0.2885	0.0007	-0.5134	-0.5891	-0.146	-0.3254	0.2169	0.0412
1765	-0.4083	0.0514	-0.0052	0.0825	0.6959	-1.312	-0.133	0.4158	-0.2968	-0.2754
1775	-0.309	0.1648	0.0927	0.022	-0.0042	-0.8831	-0.0034	-0.3818	-0.3138	-0.2214
1785	-0.4007	-0.1999	-0.4058	-0.0058	-0.0942	0.1242	-0.1779	-0.0266	-0.4569	-0.4013
1795	-0.3325	-0.0788	0.1746	0.0775	-0.193	-0.119	0.1309	-0.0239	-0.3453	-0.2061
1805	-0.3413	-0.4548	0.3499	-0.3038	-0.0904	-0.6707	-0.1667	-0.1598	-0.4077	-0.3131
1815	-0.2745	-0.1861	0.5322	-0.0154	0.2522	-0.0524	0.0678	0.0384	-0.1436	-0.0017
1825	-0.3227	0.0764	-0.246	-0.2293	0.6141	-0.75	-0.0868	0.2895	-0.2519	-0.0864
1835	-0.1902	0.0071	0.1227	0.5278	0.889	-0.862	-0.0875	0.6008	-0.2471	0.0375
1845	-0.3939	-0.012	0.0552	-0.5064	-0.3411	-0.3072	0.0347	-0.4249	-0.538	-0.4214
1855	-0.4396	0.2564	-0.3224	-0.4124	0.3993	-0.7779	-0.0635	0.0453	-0.5007	-0.3622
1865	-0.1012	0.2083	-0.664	-0.4558	0.1168	0.395	0.248	-0.3047	-0.2144	-0.013
1875	-0.0271	-0.1783	-0.4982	0.0656	0.1519	-0.3102	-0.3364	0.0628	-0.2	-0.0563
1885	-0.0969	-0.2876	0.1296	-0.2031	0.4151	0.6069	-0.0339	0.1047	-0.0078	0.1614
1895	0.2731	-0.0876	-0.0916	-0.0987	-0.0269	-0.3985	-0.2796	-0.1455	0.1779	0.0847
1905	0.1589	-0.0715	0.0787	-0.0567	-0.4226	-0.0301	0.1243	-0.3181	0.2534	0.2251
1915	-0.0313	-0.0704	0.4593	-0.1319	0.0807	-0.0031	0.0352	0.059	-0.017	0.0308
1925	0.4812	-0.0733	-0.2185	-0.3017	0.0629	0.0438	-0.0084	-0.1055	0.3704	0.1635
1935	0.0401	-0.1859	-0.1286	-0.1593	0.1754	0.1609	-0.2739	0.0063	-0.2574	-0.1327
1945	-0.1935	-0.0323	0.2405	-0.1541	-0.0791	-0.0198	-0.1169	-0.1071	-0.24	-0.09
1955	-0.2367	0.1299	-0.1386	0.0567	-0.3374	-0.0854	-0.096	-0.1416	-0.1959	-0.189
1965	-0.034	-0.1425	-0.2964	-0.1493	-0.1287	0.1626	0.1168	-0.1004	0.0147	-0.063
1975	-0.3277	0.0676	-0.3424	0.2886	0.2828	0.0341	0.1469	0.2706	-0.2749	-0.2041
1985	0.0259	0.3784	0.3459	0.6077	0.366	-0.1976	0.1988	0.4369	0.1449	0.2355
1995	-0.039	-0.2413	      NaN	0.669	0.6096	-0.1592	0.41	0.6345	0.3264	0.3428
2005	0.3324	      NaN	      NaN	1.2428	0.958	-0.6054	0.473	1.0216	0.0152	0.2938
