% Antarctica 2K 2017 isotope anomalies
Units
% weighting method : based on the correlation between site T and regional T from NB2014 forced by ERA-Interim
% smoothing : 10-year binned averages
% col 1 : time, in year AD
% col 2 : East Antarctic Plateau
% col 3 : Wilkes Land Coast
% col 4 : Weddell Sea Coast
% col 5 : Antarctic Peninsula
% col 6 : West Antarctic Ice Sheet
% col 7 : Victoria Land Coast
% col 8 : Dronning Maud Land Coast
% col 9 : West Antarctica: WAIS+Peninsula
% col 10 : East Antarctica
% col 11 : whole Antarctica


Time (year AD)	1. East Antarctic Plateau	2. Wilkes Land Coast	3. Weddell Sea Coast	4. Antarctic Peninsula	5. West Antarctic Ice Sheet	6. Victoria Land Coast	7. Dronning Maud Land Coast	West Antarctica	East Antarctica	All Antarctica
5	-0.1375	      NaN	      NaN	0.1431	-0.5485	0.1196	      NaN	-0.5249	-0.0831	-0.1102
15	-0.3912	      NaN	      NaN	-0.0994	1.2122	0.6353	      NaN	0.6838	-0.2776	0.1569
25	0.8389	      NaN	      NaN	-0.0569	0.5633	-0.834	      NaN	0.2312	0.579	0.3999
35	-0.7569	      NaN	      NaN	0.2762	1.2696	-0.501	      NaN	0.8519	-0.6961	-0.296
45	-0.9482	      NaN	      NaN	0.0112	0.8475	0.4678	      NaN	0.2744	-0.7402	-0.2204
55	0.786	      NaN	      NaN	0.1437	1.1607	-0.8535	      NaN	0.5229	0.549	0.5151
65	-0.7346	      NaN	      NaN	0.6481	1.1083	0.81	      NaN	0.6673	-0.466	0.0502
75	-0.4937	      NaN	      NaN	0.1724	1.2308	0.402	      NaN	0.6421	-0.3152	0.1119
85	-0.044	      NaN	      NaN	0.3662	1.2783	1.669	      NaN	0.8658	0.2885	0.6871
95	-1.2582	      NaN	      NaN	-0.2551	0.8014	0.323	      NaN	0.0958	-1.0212	-0.4273
105	-0.3984	      NaN	      NaN	0.2831	0.7973	-1.229	      NaN	0.3919	-0.5353	-0.3534
115	-0.6943	      NaN	      NaN	0.2787	0.5636	-0.121	      NaN	0.1401	-0.5812	-0.2543
125	0.0884	      NaN	      NaN	0.4949	0.5298	2.449	      NaN	0.3873	0.5464	0.8333
135	0.0246	      NaN	      NaN	0.4112	0.8044	0.2429	      NaN	0.6523	0.0559	0.2241
145	0.5307	      NaN	      NaN	0.6689	0.9613	-0.0993	      NaN	0.6295	0.4514	0.5032
155	0.5698	      NaN	      NaN	0.3128	1.0746	-0.6504	      NaN	0.5497	0.408	0.4246
165	0.5472	      NaN	      NaN	0.4393	0.7217	-1.8197	      NaN	0.4541	0.1985	0.0274
175	0.8334	-0.2578	      NaN	0.0468	0.4161	0.0953	      NaN	0.1249	0.4411	0.4934
185	-0.3625	0.6046	      NaN	0.2312	0.0827	1.094	      NaN	-0.144	-0.0523	0.1422
195	-0.3238	-0.0952	      NaN	0.3556	0.311	-1.006	      NaN	0.0487	-0.2828	-0.0841
205	-0.6156	0.5562	      NaN	-0.3132	0.8505	-1.1422	      NaN	0.1725	-0.4799	-0.198
215	0.1211	0.0202	      NaN	0.1356	0.9621	1.2218	      NaN	0.2957	0.3635	0.5914
225	0.2888	0.1535	      NaN	-0.2932	1.4268	-0.003	      NaN	0.699	0.2289	0.4268
235	0.4753	-0.2326	      NaN	-0.0232	0.8783	1.457	      NaN	0.404	0.5459	0.6655
245	0.1249	0.416	      NaN	0.1406	0.6267	0.956	      NaN	0.2633	0.3011	0.4468
255	-0.6414	0.1462	      NaN	-0.278	0.7774	-0.621	      NaN	0.3269	-0.4557	-0.173
265	-0.1482	0.1196	      NaN	-0.4134	0.4814	-0.221	      NaN	0.1389	-0.1274	-0.0189
275	0.323	0.0607	      NaN	0.3618	0.7109	0.134	      NaN	0.5236	0.187	0.3188
285	-0.2875	-0.3666	      NaN	0.0049	0.0456	-1.704	      NaN	-0.2433	-0.3277	-0.2252
295	0.1316	0.5039	      NaN	-0.1119	0.3585	0.4965	      NaN	0.1343	0.2087	0.3283
305	-0.1447	0.0811	      NaN	0.0456	1.0682	-0.977	      NaN	0.6558	-0.2583	0.0552
315	0.4055	0.225	      NaN	-0.1869	0.6853	-1.4135	      NaN	0.2731	0.0504	0.1625
325	0.3248	0.5196	      NaN	-0.5551	0.61	-0.466	      NaN	0.0268	0.2469	0.2634
335	0.748	0.322	      NaN	-0.1269	0.2408	0.393	      NaN	0.0185	0.5342	0.5061
345	0.0743	0.2203	      NaN	-0.5657	1.485	0.0565	      NaN	0.5681	0.0581	0.3175
355	0.4015	0.1534	      NaN	0.5518	0.4589	-0.0388	      NaN	0.2884	0.2685	0.4514
365	0.2749	0.736	      NaN	0.3756	-0.0813	-0.6397	      NaN	-0.1357	0.0806	0.1234
375	1.189	0.0983	      NaN	0.1968	0.5925	      NaN	      NaN	0.1025	0.8887	0.7517
385	0.4462	0.4238	      NaN	0.5699	0.6698	-0.336	      NaN	0.4089	0.3334	0.4702
395	-0.1277	0.3922	      NaN	0.8399	0.081	0.25	      NaN	0.1071	-0.1846	0.0428
405	1.5426	-0.3372	      NaN	0.0306	0.9577	-1.8288	      NaN	0.363	0.8888	0.8777
415	0.8002	0.7066	      NaN	0.1674	0.3233	0.0524	      NaN	0.0787	0.8118	0.7726
425	0.6457	0.1877	      NaN	-0.5119	0.7858	-1.1831	      NaN	0.1707	0.1685	0.1939
435	0.393	0.0908	      NaN	0.3381	0.7974	-0.696	      NaN	0.428	0.0883	0.3307
445	2.3166	0.4948	      NaN	-0.0513	0.6345	-0.5197	      NaN	0.1372	1.2241	0.9358
455	1.6198	0.1412	      NaN	0.1556	1.0366	-0.356	      NaN	0.4518	0.834	0.7445
465	0.6952	0.2563	      NaN	0.7118	1.2928	-0.239	      NaN	0.646	0.3036	0.5423
475	0.4716	0.1213	      NaN	0.8499	0.0067	-0.9	      NaN	-0.2074	0.1276	0.2653
485	-0.2306	0.5589	      NaN	0.5262	0.8467	0.78	      NaN	0.4892	0.0346	0.3169
495	-0.2495	0.5129	      NaN	0.4962	0.8125	-0.066	      NaN	0.4594	-0.1331	0.1841
505	0.3579	0.4076	      NaN	0.1574	0.759	0.0983	      NaN	0.3671	0.3452	0.4485
515	0.7094	0.1638	      NaN	0.5299	1.0649	      NaN	      NaN	0.5263	0.6686	0.5811
525	0.4875	-0.0442	      NaN	0.3099	0.8387	0.456	      NaN	0.3701	0.2698	0.4032
535	0.5536	0.2106	      NaN	0.3406	0.9047	      NaN	      NaN	0.5686	0.4831	0.4683
545	0.4926	0.6813	      NaN	-0.0276	1.2654	-0.0926	      NaN	0.6633	0.4434	0.5902
555	1.2863	0.8376	      NaN	0.1081	0.7445	0.414	      NaN	0.1906	0.9088	0.8188
565	0.6874	-0.3651	      NaN	-0.3001	0.5648	-0.391	      NaN	0.1103	0.246	0.183
575	0.3528	0.5664	      NaN	-0.3826	0.7312	-0.151	      NaN	0.3343	0.2638	0.3229
585	0.8265	0.274	      NaN	0.2212	0.3002	-1.246	      NaN	0.5036	0.3899	0.2965
595	1.1313	0.3659	      NaN	0.1143	0.6026	0.743	      NaN	0.238	0.9036	0.8155
605	-0.322	0.3863	      NaN	0.0449	1.6502	-1.273	      NaN	0.7011	-0.3133	0.0472
615	1.1756	0.068	      NaN	0.0887	1.144	-0.818	      NaN	0.4004	0.5957	0.6184
625	0.3999	0.2128	      NaN	-0.5801	0.9335	0.474	      NaN	0.2062	0.2628	0.2828
635	-0.3213	0.0799	      NaN	-0.1232	0.5875	1.491	      NaN	0.4576	-0.1097	0.066
645	0.4019	0.4257	      NaN	-0.1919	0.2849	0.163	      NaN	-0.071	0.3201	0.3528
655	-0.5023	-0.0294	      NaN	-0.3607	0.4177	0.0474	      NaN	-0.1449	-0.4531	-0.2814
665	0.5894	0.3913	      NaN	-0.1607	0.6572	0.7607	      NaN	0.1939	0.4947	0.45
675	0.5878	0.0915	      NaN	0.0831	1.4557	0.422	      NaN	0.8583	0.4493	0.5781
685	0.7798	0.484	      NaN	-0.2838	0.7538	-0.594	      NaN	0.2418	0.4522	0.426
695	0.2443	0.5635	      NaN	-0.1657	-0.0299	1.513	      NaN	-0.1316	0.2974	0.2497
705	1.1274	0.9663	      NaN	-0.1347	0.8239	-0.716	      NaN	0.2991	0.6515	0.6267
715	0.2877	1.1028	      NaN	-0.2411	0.5387	0.0118	      NaN	0.1799	0.3621	0.4056
725	0.5108	-0.1406	      NaN	0.3149	1.2366	0.494	      NaN	0.7947	0.4925	0.6237
735	0.4413	0.3418	      NaN	0.2187	0.4396	-0.356	      NaN	0.1349	0.1954	0.2342
745	0.3935	0.6987	      NaN	-0.4938	0.9604	-0.271	      NaN	0.3383	0.3422	0.3548
755	0.2272	0.4938	      NaN	-0.2894	0.9511	-0.411	      NaN	0.4809	0.0544	0.1246
765	-0.1042	0.4174	      NaN	-0.5757	0.3313	0.4569	      NaN	0.0035	0.0887	0.1209
775	0.7444	0.7253	      NaN	0.2212	0.7064	-0.326	      NaN	0.3266	0.529	0.5647
785	-0.5607	0.3027	      NaN	-0.4176	0.2777	-0.209	      NaN	-0.1711	-0.357	-0.2049
795	0.533	0.62	      NaN	-0.1294	0.4175	-0.7522	      NaN	-0.0107	0.3247	0.2408
805	0.5748	0.4436	      NaN	-0.1057	0.9647	-0.0385	      NaN	0.5829	0.439	0.462
815	-0.7642	0.3452	      NaN	0.2593	0.4566	-0.3037	      NaN	0.3415	-0.3517	-0.0977
825	0.4312	0.2359	      NaN	0.6049	0.2579	-0.3971	      NaN	0.2197	0.3354	0.3302
835	-0.1236	0.8853	      NaN	0.2806	0.8847	-1.17	      NaN	0.4973	-0.2678	0.0294
845	-0.4652	0.4264	      NaN	-0.1044	0.2	-1.2704	      NaN	-0.0054	-0.4163	-0.2525
855	0.5379	0.4426	      NaN	-0.0819	0.2921	-0.959	      NaN	-0.0719	0.1458	0.1459
865	-0.3461	1.0996	      NaN	0.1031	0.3703	0.5126	      NaN	0.2254	0.046	0.1939
875	0.4767	0.5668	      NaN	-0.2351	0.7575	-0.1137	      NaN	0.3102	0.3025	0.3376
885	0.3631	0.2856	      NaN	-0.2288	0.4571	-0.5585	      NaN	0.1629	0.1746	0.1374
895	0.8247	0.8011	      NaN	-0.1363	0.3841	-0.734	      NaN	0.0907	0.4405	0.3413
905	0.9819	-0.0485	      NaN	-0.0813	0.5026	-0.1222	      NaN	0.2986	0.5532	0.4536
915	0.9916	0.0784	      NaN	-0.5851	0.7612	-0.378	      NaN	0.3998	0.5651	0.5148
925	0.1289	0.6935	      NaN	-0.0376	0.6545	0.702	      NaN	0.227	0.2694	0.3939
935	0.6951	0.5598	      NaN	0.6506	0.335	-1.069	      NaN	0.2651	0.3367	0.38
945	0.5752	0.0279	      NaN	-0.4738	0.6299	-0.364	      NaN	0.0148	0.327	0.3249
955	0.4348	-0.019	      NaN	-0.6438	0.3113	-0.322	      NaN	0.0197	0.2565	0.1245
965	0.1212	-0.0557	      NaN	-0.4501	0.7857	0.864	      NaN	0.3474	0.1977	0.2594
975	0.6192	0.1552	      NaN	-0.1619	0.3184	0.844	      NaN	0.0829	0.4344	0.46
985	-0.3353	0.5231	      NaN	0.5474	0.3932	0.9753	      NaN	0.1016	-0.0612	0.24
995	-0.1211	0.6354	      NaN	-0.3263	0.4003	-0.5072	      NaN	0.0126	-0.1011	0.0179
1005	-0.9575	-0.0162	0.6446	0.2031	0.4669	1.462	      NaN	0.3631	-0.2095	0.0554
1015	0.1871	0.5127	-0.9564	0.6531	0.6677	-0.017	      NaN	0.4588	0.1417	0.296
1025	-0.2663	0.3954	0.4306	-0.3594	0.1119	-0.147	      NaN	-0.1301	0.0435	0.0653
1035	0.0387	0.405	-0.1324	-0.5119	1.2373	-0.3593	      NaN	0.7145	0.1106	0.289
1045	-0.8289	0.4803	0.0876	-0.0126	0.3586	-1.2504	      NaN	0.157	-0.4754	-0.2924
1055	-0.4761	0.5735	1.3356	-0.3713	0.2856	1.018	      NaN	-0.0303	0.1835	0.2831
1065	-0.3821	0.0596	-0.3014	-0.7607	0.9203	-0.0785	      NaN	0.2586	-0.2343	0.0089
1075	-0.0283	0.4515	0.6266	-0.1376	0.4452	-0.736	      NaN	0.1501	0.1057	0.168
1085	-0.8383	0.3753	-0.4134	0.0224	0.5386	-0.016	      NaN	0.1715	-0.502	-0.2153
1095	-0.0818	0.4894	-0.3054	-0.1194	-0.1799	0.711	      NaN	-0.1306	-0.0129	-0.0229
1105	0.4307	-0.2884	0.4696	-0.0888	0.5561	-0.5385	      NaN	0.159	0.1236	0.1992
1115	-0.1714	0.1552	0.0286	-0.1801	0.5104	0.992	      NaN	0.2438	-0.1249	0.0641
1125	0.705	-0.1285	0.3836	0.2037	0.278	-0.118	      NaN	0.1721	0.2084	0.208
1135	1.2142	0.2318	0.2976	-0.1288	-0.0674	-0.176	      NaN	-0.1896	0.4368	0.2973
1145	1.1677	0.3941	1.2211	0.1387	-0.4839	0.5093	      NaN	-0.6397	0.7972	0.5306
1155	0.3199	0.1268	-1.4924	-0.7601	0.2325	1.2461	      NaN	-0.1043	0.3047	0.3024
1165	0.068	-0.0369	0.5096	-0.2176	-0.2225	0.329	      NaN	-0.3364	-0.1289	-0.1285
1175	0.6205	0.1973	-0.3784	-0.1188	0.1665	-0.1594	      NaN	-0.009	0.203	0.1684
1185	0.1267	0.2767	-0.0934	-0.4026	0.2949	-0.3524	      NaN	0.0668	0.4561	0.3791
1195	-0.5493	-0.1533	0.0256	-0.7563	0.2406	-0.8513	      NaN	-0.2349	-0.3789	-0.247
1205	-0.4826	0.3	1.2206	-0.4688	0.8027	-1.2927	      NaN	0.3066	-0.3484	-0.1119
1215	-0.4631	0.4273	-1.2834	-0.3113	0.6084	-0.1435	      NaN	0.3396	-0.3891	-0.2324
1225	-0.8895	0.0636	-0.4204	-0.2238	0.2795	-0.1682	      NaN	0.0643	-0.5588	-0.3159
1235	-0.4213	0.278	0.3666	-0.3926	0.192	0.0629	      NaN	-0.0212	-0.1068	-0.0048
1245	-0.5421	0.3434	1.5886	-0.1701	0.6329	0.5927	      NaN	0.2922	-0.1751	0.0418
1255	-0.3873	0.0705	0.5476	0.4184	0.406	-0.3249	      NaN	0.3291	-0.3574	-0.1557
1265	-0.3632	-0.0924	0.2426	-0.1927	0.1284	0.8715	      NaN	-0.0419	-0.1206	0.0306
1275	-0.3818	-0.2265	1.0516	0.4728	-0.148	1.6747	      NaN	0.0146	-0.2775	-0.1884
1285	-0.7239	-0.0909	0.4216	-0.7527	0.2263	-0.1813	      NaN	-0.2548	-0.3885	-0.1914
1295	-0.155	-0.0696	0.4496	0.2528	-0.4461	-3.0779	      NaN	-0.3218	-0.0583	-0.1253
1305	-0.2163	0.3554	0.2296	-0.4889	0.5904	-2.2303	      NaN	0.1986	-0.1069	0.0289
1315	0.4207	0.4176	0.0866	0.1775	0.4299	-1.6743	      NaN	0.2328	0.2896	0.3677
1325	-0.1399	0.4673	0.0846	0.0833	-0.1883	-2.4525	      NaN	-0.1396	0.0767	-0.075
1335	-0.9402	0.3664	-1.1714	-0.0703	0.2916	-2.7324	      NaN	0.0906	-0.6507	-0.4075
1345	0.1524	0.67	0.9956	0.3091	-0.0272	-1.3207	      NaN	-0.1067	0.1155	0.0371
1355	0.0349	0.4242	0.4076	-0.2057	0.2901	-0.7897	      NaN	0.1997	-0.0456	-0.0275
1365	0.2285	0.1566	0.4286	-0.467	0.3189	-1.9183	      NaN	0.021	0.0915	0.1177
1375	0.0199	0.1865	0.2326	-0.7589	0.0505	0.1256	      NaN	-0.2084	0.0372	-0.1085
1385	0.6255	0.4828	1.3986	-0.9056	-0.2761	-1.3093	      NaN	-0.457	0.4725	0.2271
1395	-0.102	0.4387	1.2666	-0.1673	-0.1447	-1.1184	      NaN	-0.3092	0.0046	-0.1836
1405	-0.1701	0.5316	0.6756	0.3294	0.9233	-0.7094	      NaN	0.5918	-0.1934	0.0512
1415	-0.8549	0.5285	0.1606	-0.4398	0.0461	0.1097	      NaN	-0.109	-0.7271	-0.5105
1425	-0.6019	-0.0005	1.3556	-1.3072	0.241	-1.4949	      NaN	-0.1697	-0.4194	-0.267
1435	-0.784	0.4233	0.4986	-0.6248	0.1794	-0.6065	      NaN	-0.0761	-0.3978	-0.2428
1445	-0.2801	-0.011	-0.0064	0.1212	0.1749	1.3226	      NaN	0.1123	-0.2647	-0.1798
1455	-0.6301	0.2178	0.0006	-0.8767	-0.708	-1.2828	      NaN	-0.7472	-0.4646	-0.6263
1465	0.195	0.2826	0.3306	0.6809	-0.1066	-1.8167	      NaN	-0.0916	-0.0232	-0.0128
1475	-0.8613	0.5344	0.4126	0.0882	-0.0531	0.5057	      NaN	-0.0452	-0.7438	-0.566
1485	-0.3142	0.019	-0.9944	-0.3425	0.5641	0.0158	      NaN	0.4474	-0.5751	-0.286
1495	-0.363	0.081	1.1056	-0.4272	0.3638	-0.3796	      NaN	0.1346	-0.0878	0.089
1505	-0.12	0.1769	-0.4304	0.2048	0.064	-1.2287	      NaN	0.0464	-0.3676	-0.297
1515	-0.366	0.4325	-0.1534	-0.4222	0.1014	-1.6741	      NaN	0.0266	-0.3963	-0.2799
1525	-0.3253	0.9204	0.1786	-0.1396	0.3745	-0.133	      NaN	0.3206	-0.2426	-0.1627
1535	0.3041	0.1926	0.8236	0.1235	0.3205	0.1191	-1.0429	0.3041	0.2712	0.1969
1545	-0.4484	0.0206	0.9926	0.0321	0.0081	-1.3459	-1.0379	0.0415	-0.3977	-0.3359
1555	-0.2587	0.3213	0.1206	-0.6812	0.5048	-0.4569	-1.4402	0.2435	0.0396	0.1989
1565	-0.3956	0.3581	0.2546	-0.174	0.1941	-0.5476	-1.3512	0.0965	-0.1424	-0.1169
1575	-0.8391	-0.1132	0.0676	-0.4779	-0.0691	-1.3393	-1.8259	-0.2063	-0.5786	-0.5423
1585	0.1311	0.1277	-0.6834	-0.5409	0.0176	-1.2511	-0.9721	-0.2061	-0.2442	-0.2345
1595	-0.4206	0.0007	-0.3674	0.4304	-0.0265	-0.713	-3.1995	0.0663	-0.4007	-0.2986
1605	0.131	0.3563	0.5476	-0.0832	0.0791	0.3447	-3.2031	0.1771	0.1483	0.0834
1615	-0.4846	0.6166	-0.6544	0.2916	0.2	0.1228	-1.3734	0.171	-0.3577	-0.2482
1625	-1.0683	0.2705	0.3286	-0.3088	0.0054	-1.0286	-1.4144	-0.1262	-0.8506	-0.6663
1635	-0.4437	0.0098	0.3016	-0.3075	0.43	-0.6266	-0.9858	0.2615	-0.2304	-0.134
1645	-0.5251	0.2414	0.5356	-0.2825	-0.0169	-0.8013	-1.1233	-0.0552	-0.5637	-0.4883
1655	-0.7687	0.5082	-0.1234	0.1716	0.7537	-0.2237	-2.0656	0.6222	-0.6758	-0.3507
1665	-0.6148	0.0543	1.6186	-0.073	0.2238	-0.006	-2.7702	0.1685	-0.2472	-0.198
1675	-0.5227	0.2862	0.1466	-0.2331	-0.226	-1.253	-1.2869	-0.3165	-0.3776	-0.2835
1685	-0.5335	0.2924	-0.2714	0.2538	0.2487	-0.6943	-1.8326	0.2491	-0.3733	-0.2261
1695	-0.7255	-0.4435	-0.6984	-0.1134	0.5471	-1.4461	-3.6659	0.395	-0.673	-0.4539
1705	-0.4163	0.1617	0.3176	0.0271	0.0778	-0.5614	-1.1781	0.0495	-0.5263	-0.3477
1715	-0.121	0.6477	0.0966	-0.0004	-0.0664	-0.3061	-0.5634	-0.1054	-0.3903	-0.283
1725	-0.0401	0.3087	0.9016	-0.3472	0.2754	-1.2161	1.813	0.1165	-0.1247	-0.2705
1735	-0.2694	0.1388	0.9316	0.3094	0.0656	-0.6378	-1.3032	0.1155	-0.1252	-0.1377
1745	-0.2921	0.038	-0.1504	-0.1839	-0.7158	-0.5291	0.3909	-0.625	-0.2239	-0.3672
1755	0.2575	0.0771	0.5776	-0.0002	-0.1516	-0.8801	-0.3216	-0.0949	0.2602	0.0523
1765	-0.6272	-0.1209	-0.0104	0.0796	0.3439	-1.548	-0.6735	0.2341	-0.3748	-0.3354
1775	-0.5001	-0.1626	0.1856	0.0135	-0.0545	-1.1506	0.0925	-0.3317	-0.4506	-0.3468
1785	-0.6112	-0.4127	-0.8124	-0.012	-0.1828	0.1592	-0.6602	-0.0911	-0.5863	-0.5205
1795	-0.5798	-0.1712	0.3496	0.0914	-0.1276	-0.1145	0.6585	-0.0099	-0.4914	-0.3133
1805	-0.5777	-0.5634	0.7006	-0.3661	-0.1061	-0.9265	-0.3906	-0.1572	-0.4829	-0.3735
1815	-0.3463	-0.2023	1.0656	-0.0265	0.2296	-0.2017	0.0376	0.0583	-0.0773	0.0582
1825	-0.5227	0.1306	-0.4924	-0.2782	0.4121	-0.9856	-0.431	0.1725	-0.3208	-0.1201
1835	-0.3708	0.1461	0.2456	0.6161	0.764	-1.0647	-0.2828	0.5442	-0.3559	-0.0199
1845	-0.6321	-0.3327	0.1106	-0.5985	-0.1139	-0.4961	0.1444	-0.2636	-0.6995	-0.4981
1855	-0.5739	0.2884	-0.6454	-0.5007	0.4725	-1.0894	-0.2572	0.1759	-0.5434	-0.3628
1865	-0.1657	0.5653	-1.3294	-0.4873	0.2644	0.3164	0.7611	-0.126	-0.2266	0.0129
1875	-0.0331	-0.0143	-0.9974	0.0694	0.1875	-0.5188	-1.2078	0.079	-0.2114	-0.0796
1885	-0.3016	-0.3496	0.2596	-0.2379	0.3483	0.6799	-0.1521	0.1137	-0.1287	0.0583
1895	0.3636	-0.369	-0.1834	-0.12	0.1128	-0.4333	-1.0831	-0.0285	0.2033	0.1185
1905	0.0364	-0.3522	0.1576	-0.1166	-0.1396	-0.0959	0.2767	-0.1602	0.195	0.2107
1915	-0.1142	-0.4255	0.9196	-0.1164	0.0627	0.0112	-0.0166	0.0447	-0.0796	-0.0097
1925	0.9632	0.0654	-0.4374	-0.2857	-0.0147	0.0924	-0.1001	-0.121	0.5426	0.2765
1935	0.0678	-0.4482	-0.2574	-0.1154	0.1167	0.1601	-0.7566	0.0244	-0.3542	-0.186
1945	-0.3429	0.1447	0.4816	-0.07	-0.2044	-0.1275	-0.2982	-0.1602	-0.2798	-0.0924
1955	-0.3328	0.1568	-0.2774	0.0272	-0.1596	0.0847	-0.261	-0.0797	-0.1682	-0.151
1965	-0.176	0.1252	-0.5934	-0.1164	-0.102	0.2583	0.4538	-0.0655	-0.0442	-0.0819
1975	-0.4878	-0.0129	-0.6854	0.3403	0.1905	0.0355	0.6227	0.2328	-0.3168	-0.2182
1985	0.0412	0.7467	0.6926	0.453	0.2503	-0.3346	0.5385	0.2847	0.1343	0.1844
1995	-0.1623	-0.1644	      NaN	0.4963	0.2361	-0.1798	1.1026	0.2929	0.3786	0.35
2005	0.5556	      NaN	      NaN	0.8142	0.64	-0.9135	1.1064	0.6519	0.1976	0.1988
