% Antarctica 2K 2017 temperature reconstruction
% weighting method : based on composite plus scaling (CPS)
% Temperature scaling method : based on CPS using NB2014 dataset as a target
% smoothing : 10-year binned averages
% col 1 : time, in year AD
% col 2 : East Antarctic Plateau
% col 3 : Wilkes Land Coast
% col 4 : Weddell Sea Coast
% col 5 : Antarctic Peninsula
% col 6 : West Antarctic Ice Sheet
% col 7 : Victoria Land Coast
% col 8 : Dronning Maud Land Coast
% col 9 : West Antarctica : WAIS+Peninsula
% col 10 : East Antarctica
% col 11 : Whole Antarctica


Time (year AD)	1. East Antarctic Plateau	2. Wilkes Land Coast	3. Weddell Sea Coast	4. Antarctic Peninsula	5. West Antarctic Ice Sheet	6. Victoria Land Coast	7. Dronning Maud Land Coast	West Antarctica	East Antarctica	All Antarctica
0	NaN	NaN	NaN	-0.132751182	0.629181437	NaN	NaN	0.574876521	NaN	0.382921265
10	-0.293451212	NaN	NaN	-0.332696938	1.071242661	NaN	NaN	0.889544315	-0.277731141	0.506679065
20	0.307600887	NaN	NaN	-0.297654899	1.107238556	NaN	NaN	0.942389221	0.288221364	0.708453951
30	-0.089424796	NaN	NaN	-0.022987145	1.666237417	NaN	NaN	1.4695833	-0.085619241	0.881539126
40	-0.314693864	NaN	NaN	-0.24148457	0.949070914	NaN	NaN	0.840037962	-0.297733288	0.466243323
50	0.363900966	NaN	NaN	-0.132235858	1.603494335	NaN	NaN	1.435332592	0.341233691	1.009880205
60	-0.101134819	NaN	NaN	0.283630703	1.514613133	NaN	NaN	1.429381031	-0.096645434	0.822705897
70	0.02809333	NaN	NaN	-0.108530948	1.131033922	NaN	NaN	1.00894175	0.025036188	0.648382001
80	0.222256025	NaN	NaN	0.051219527	1.613365031	NaN	NaN	1.439964494	0.207860379	0.943832191
90	-0.386973161	NaN	NaN	-0.461012643	1.091586139	NaN	NaN	0.938580227	-0.365791696	0.534652716
100	-0.072962168	NaN	NaN	-0.01731858	0.83819872	NaN	NaN	0.77136529	-0.070117979	0.463999801
110	-0.072873028	NaN	NaN	-0.020925849	0.500305219	NaN	NaN	0.492276376	-0.070034045	0.297160872
120	0.332047858	NaN	NaN	0.157376295	0.914297582	NaN	NaN	0.854182934	0.311240707	0.606138429
130	0.017429095	NaN	NaN	0.088322864	1.388371004	NaN	NaN	1.237446533	0.014994712	0.755383659
140	0.26471663	NaN	NaN	0.300808174	0.912359364	NaN	NaN	0.891607809	0.247841415	0.594587381
150	0.333545772	NaN	NaN	0.007245203	1.421550606	NaN	NaN	1.295155249	0.312651147	0.897779894
160	0.151771455	NaN	NaN	0.111512449	0.738290626	NaN	NaN	0.695695047	0.129432674	0.396870571
170	-0.048998819	NaN	NaN	-0.212111095	0.373570669	NaN	NaN	0.318275643	-0.168531606	0.024736235
180	-0.202359564	0.507963418	NaN	-0.060090481	0.430217583	NaN	NaN	0.419840962	0.168104362	0.308022722
190	-0.06461822	-0.07577756	NaN	0.042459017	1.11408887	NaN	NaN	1.040425147	-0.089191465	0.384066665
200	-0.178122446	0.467580431	NaN	-0.508937786	1.286808456	NaN	NaN	1.090405953	0.168667066	0.636147944
210	0.061288915	0.020547593	NaN	-0.138935071	1.361565406	NaN	NaN	1.239713364	0.060478237	0.578519308
220	-0.043831242	0.131728927	NaN	-0.492447414	1.38331333	NaN	NaN	1.146136812	0.045383702	0.554104351
230	0.029513498	-0.19031602	NaN	-0.269827396	0.654703962	NaN	NaN	0.551805061	-0.103653023	0.175078664
240	-0.030259746	0.350638006	NaN	-0.134812478	1.054740046	NaN	NaN	0.938185147	0.195733684	0.541276405
250	-0.148299435	0.125647873	NaN	-0.479907861	0.578866458	NaN	NaN	0.434683096	-0.02531972	0.213776933
260	-0.173554475	0.103384337	NaN	-0.591561419	1.229123459	NaN	NaN	0.983906042	-0.064678533	0.427155573
270	-0.16129135	0.054250441	NaN	0.047612259	0.702996531	NaN	NaN	0.634224906	-0.094381058	0.197062433
280	0.015882042	-0.302112117	NaN	-0.246637811	0.262536109	NaN	NaN	0.238550191	-0.168468385	0.009530304
290	6.56E-05	0.423974183	NaN	-0.343003421	1.313937124	NaN	NaN	1.109112311	0.254452036	0.661423716
300	-0.108245859	0.071330192	NaN	-0.213141744	1.155149143	NaN	NaN	0.983299462	-0.046038202	0.396723871
310	-0.034773411	0.191375588	NaN	-0.404842314	0.974463582	NaN	NaN	0.803506472	0.077151009	0.413595138
320	-0.001552277	0.437085027	NaN	-0.708368218	0.546360839	NaN	NaN	0.385197482	0.269687632	0.401832676
330	-0.005130971	0.272283281	NaN	-0.355371199	1.707233548	NaN	NaN	1.462435319	0.147234281	0.735521301
340	-0.12858151	0.187385807	NaN	-0.717128728	0.97052591	NaN	NaN	0.754714392	0.01628164	0.391942691
350	0.052691746	0.131636452	NaN	0.20427079	0.091791044	NaN	NaN	0.148765613	0.103783094	0.096667564
360	-0.163075304	0.617575448	NaN	0.058949389	1.186273087	NaN	NaN	1.099296678	0.253011684	0.633953249
370	0.056689946	0.085655365	NaN	-0.088433308	1.045008519	NaN	NaN	0.967323775	0.070638279	0.446541288
380	0.057227679	0.357147924	NaN	0.219215189	0.373188285	NaN	NaN	0.402517722	0.25786656	0.315630423
390	-0.382491824	0.330766242	NaN	0.441835207	1.293736848	NaN	NaN	1.264226254	-0.089019042	0.450793314
400	0.532704412	-0.277599425	NaN	-0.225509522	0.662207732	NaN	NaN	0.586031132	0.194070819	0.348700484
410	0.418746134	0.593068841	NaN	-0.112653541	0.930709601	NaN	NaN	0.834723404	0.674829733	0.793437359
420	0.174702741	0.160186819	NaN	-0.672810854	0.92252695	NaN	NaN	0.719792973	0.207852892	0.475681816
430	0.018571343	0.079382758	NaN	0.028029942	1.007032372	NaN	NaN	0.925541936	0.040974675	0.399032297
440	0.711030212	0.416375484	NaN	-0.293016981	0.943833167	NaN	NaN	0.82425593	0.730769587	0.792897685
450	0.303223275	0.121403467	NaN	-0.122444699	1.645013872	NaN	NaN	1.473991122	0.265499164	0.775782269
460	0.205773621	0.217434535	NaN	0.336193763	0.541824755	NaN	NaN	0.606259726	0.264784234	0.382045291
470	0.061231106	0.104875463	NaN	0.450080392	0.972115013	NaN	NaN	1.031783856	0.093455085	0.452354698
480	-0.075232748	0.469876235	NaN	0.183142501	1.087701746	NaN	NaN	1.030282496	0.239583505	0.588562657
490	-0.202775374	0.431515601	NaN	0.158406943	0.859184408	NaN	NaN	0.823586651	0.118004536	0.424564699
500	0.207404335	0.343604648	NaN	-0.120898727	1.134915505	NaN	NaN	1.008053853	0.362836563	0.666880289
510	0.247818862	0.140277197	NaN	0.186234446	1.026253747	NaN	NaN	0.993941184	0.25680763	0.55706051
520	0.104000422	-0.033223316	NaN	0.004840357	0.932476425	NaN	NaN	0.868998194	0.039178983	0.375877667
530	0.09949507	0.179283246	NaN	0.030091239	1.327509039	NaN	NaN	1.195445779	0.170840519	0.601621322
540	0.01434867	0.571918475	NaN	-0.273434665	1.208879812	NaN	NaN	1.035999092	0.363649204	0.703062737
550	0.191150449	0.70228113	NaN	-0.161609332	0.668775358	NaN	NaN	0.616382192	0.559228259	0.630729616
560	-0.077104771	-0.300903976	NaN	-0.498115979	0.858727786	NaN	NaN	0.694331531	-0.257834404	0.15243312
570	0.055030125	0.476078024	NaN	-0.566138762	0.33457647	NaN	NaN	0.190235616	0.327705046	0.333380445
580	0.116304104	0.232199446	NaN	-0.068335667	1.064613714	NaN	NaN	0.883173616	0.217139581	0.500610267
590	0.298737504	0.308832587	NaN	-0.156456091	1.670160036	NaN	NaN	1.47928666	0.397883694	0.882945988
600	-0.157222625	0.325837281	NaN	-0.213657068	1.53651828	NaN	NaN	1.376555148	0.097958023	0.686773697
610	0.193111194	0.060347005	NaN	-0.17758438	1.214610959	NaN	NaN	1.10058946	0.160456745	0.567551218
620	-0.099576445	0.181185349	NaN	-0.728981183	1.107869331	NaN	NaN	0.879332802	0.031998847	0.454564499
630	-0.374199297	0.07028866	NaN	-0.352279255	0.850214256	NaN	NaN	0.661870349	-0.238598102	0.155438542
640	0.012052495	0.358747888	NaN	-0.408964907	0.824169406	NaN	NaN	0.688957653	0.221212907	0.46618149
650	-0.347581414	-0.02086464	NaN	-0.548102418	0.826748901	NaN	NaN	0.684383912	-0.269312173	0.172743948
660	0.17337949	0.330016903	NaN	-0.383198702	1.423121938	NaN	NaN	1.217516743	0.326003854	0.75352243
670	0.131955556	0.079992138	NaN	-0.182222297	1.244756915	NaN	NaN	1.075733488	0.139558988	0.548913472
680	0.139819272	0.407349585	NaN	-0.484717552	0.429922497	NaN	NaN	0.314830948	0.344372749	0.38698075
690	-0.205839079	0.473711414	NaN	-0.387321295	0.99284516	NaN	NaN	0.82012265	0.131767322	0.469341411
700	0.354682094	0.809660038	NaN	-0.361726864	0.78260605	NaN	NaN	0.655138028	0.740388593	0.770806407
710	0.088760929	0.92352374	NaN	-0.449503738	1.262749167	NaN	NaN	1.048331501	0.638356604	0.906119865
720	0.095920222	-0.113594002	NaN	0.00896295	0.98514274	NaN	NaN	0.881960218	0.000217232	0.362621856
730	-0.147053893	0.288753283	NaN	-0.070396964	0.809259942	NaN	NaN	0.740396936	0.063223338	0.363487331
740	-0.020175548	0.586447477	NaN	-0.657866455	1.411396024	NaN	NaN	1.144391526	0.35304166	0.780602475
750	-0.215040111	0.415510015	NaN	-0.489355469	0.71140973	NaN	NaN	0.540224944	0.09617136	0.338385508
760	-0.044164935	0.351847042	NaN	-0.725373914	1.227473772	NaN	NaN	0.957074636	0.189041704	0.594527731
770	0.414255015	0.608627191	NaN	-0.068335667	1.006803484	NaN	NaN	0.909674572	0.671320985	0.812786651
780	-0.165108179	0.256167459	NaN	-0.594996913	0.698195075	NaN	NaN	0.57982583	0.044610349	0.366354583
790	0.021925597	0.520828309	NaN	-0.357432496	0.760693177	NaN	NaN	0.660122436	0.342840822	0.61059615
800	0.234343117	0.373685823	NaN	-0.33785018	1.208718202	NaN	NaN	1.033972437	0.398728817	0.799541915
810	-0.229397856	0.291599934	NaN	-0.036900896	0.66134759	NaN	NaN	0.582236781	0.032898917	0.40627752
820	0.145095695	0.200432442	NaN	0.248073339	0.625236421	NaN	NaN	0.585101644	0.234929194	0.458982092
830	-0.297083532	0.742096879	NaN	-0.019379876	0.754708318	NaN	NaN	0.675024896	0.234271282	0.525293522
840	-0.173322698	0.359341095	NaN	-0.336819531	0.44532888	NaN	NaN	0.370043907	0.101188927	0.292866999
850	0.170415242	0.372842614	NaN	-0.318267863	0.662522927	NaN	NaN	0.574900418	0.339652953	0.489023356
860	-0.220407769	0.920832342	NaN	-0.165731925	0.592367069	NaN	NaN	0.509113545	0.42259777	0.523442421
870	-0.071516132	0.476437327	NaN	-0.444522271	0.888214725	NaN	NaN	0.749937183	0.234895098	0.557123575
880	-0.130096439	0.241883824	NaN	-0.43936903	0.685931203	NaN	NaN	0.570814618	0.0537067	0.42699548
890	0.201243435	0.671864191	NaN	-0.363101061	0.573723982	NaN	NaN	0.481013992	0.551474584	0.551088332
900	0.407603727	-0.036792451	NaN	-0.317752539	0.615727993	NaN	NaN	0.510193181	0.255057898	0.356726963
910	0.424205758	0.069066889	NaN	-0.733103776	0.854902693	NaN	NaN	0.677442058	0.327821308	0.561031705
920	0.064690492	0.582150208	NaN	-0.281679851	0.834799365	NaN	NaN	0.724204576	0.406389739	0.609974887
930	0.275436015	0.470567561	NaN	0.285692	0.595850151	NaN	NaN	0.562429575	0.481018345	0.523938474
940	0.282371409	0.026919725	NaN	-0.641376083	0.736128628	NaN	NaN	0.610260059	0.212485913	0.447158501
950	0.161088177	-0.012202576	NaN	-0.781544243	0.594781074	NaN	NaN	0.450793131	0.107517446	0.332872005
960	0.045422141	-0.042829159	NaN	-0.621793767	0.977608813	NaN	NaN	0.806492064	0.003034827	0.500953294
970	0.095834275	0.133090253	NaN	-0.38422935	0.598330694	NaN	NaN	0.499580386	0.127678391	0.394257201
980	-0.251802866	0.439951973	NaN	0.200663521	0.587543738	NaN	NaN	0.561002018	0.085122738	0.306828423
990	-0.09215644	0.53368407	NaN	-0.519759592	0.641452177	NaN	NaN	0.529247327	0.261605909	0.442546133
1000	-0.384957013	-0.009838006	0.389989696	-0.083280067	0.576889212	NaN	NaN	0.498019273	-0.27344475	0.137625938
1010	0.048195218	0.431318143	-0.414615334	0.287753296	0.740544209	NaN	NaN	0.6905796	0.291236675	0.486602886
1020	-0.072530967	0.333435685	0.282440991	-0.54707177	0.434631877	NaN	NaN	0.339690125	0.167084419	0.282875766
1030	-0.191898539	0.341488743	-0.000502564	-0.672810854	1.352432732	NaN	NaN	1.1229437	0.075071819	0.724713391
1040	-0.099190311	0.404313284	0.110061525	-0.261066886	0.511231054	NaN	NaN	0.430788721	0.192489238	0.349448274
1050	-0.214574468	0.482006727	0.737261449	-0.556862928	0.517920541	NaN	NaN	0.41326455	0.155620166	0.344120516
1060	-0.112855255	0.053337872	-0.085435887	-0.877909852	0.946525032	NaN	NaN	0.76098366	-0.036268106	0.440594681
1070	0.149451708	0.380288345	0.380943543	-0.364131709	0.722844364	NaN	NaN	0.610727833	0.34591285	0.519627407
1080	-0.571478679	0.316678267	-0.14172306	-0.232208736	0.70651457	NaN	NaN	0.61629056	-0.200782152	0.285596432
1090	-0.422742788	0.411850368	-0.087446143	-0.34918731	0.174120628	NaN	NaN	0.118908974	-0.053191677	0.069864609
1100	-0.064369341	-0.236872889	0.302040989	-0.323936428	0.64067747	NaN	NaN	0.54741694	-0.197611148	0.179719278
1110	-0.334128588	0.133075728	0.080410247	-0.399173749	0.629215034	NaN	NaN	0.51788334	-0.161468195	0.200576579
1120	0.22059961	-0.103493623	0.258820481	-0.082764743	0.591036607	NaN	NaN	0.517951312	0.088525207	0.310935641
1130	0.363107286	0.196985738	0.215599974	-0.356917172	0.124999537	NaN	NaN	0.085657801	0.36049472	0.217025862
1140	0.384864396	0.332417008	NaN	-0.136358451	-0.111664396	0.544414939	NaN	-0.079825159	0.514093195	0.221130731
1150	0.151633534	0.109393415	-0.68398966	-0.877394528	0.62183652	0.621461561	NaN	0.471410643	0.312911308	0.494043965
1160	-0.10475372	-0.027078887	0.322143551	-0.430093196	0.067075032	0.545549055	NaN	0.029797633	0.072228265	0.061822633
1170	0.200312749	0.168221892	-0.124133318	-0.348671986	0.437051687	0.144728177	NaN	0.358882575	0.227565682	0.298220458
1180	0.185015644	0.234471203	0.019097434	-0.582629134	0.543827298	-0.232470221	NaN	0.426247607	0.165781456	0.350893336
1190	-0.193815569	-0.124226381	0.078902554	-0.874302583	0.616530898	-0.196561573	NaN	0.47938364	-0.21868062	0.178932121
1200	-0.117818831	0.25391458	0.679466584	-0.63725349	0.89036105	-0.406810536	NaN	0.73021993	-0.052628377	0.330737383
1210	-0.085062672	0.360039339	-0.578953776	-0.507391813	0.752568803	0.119217838	NaN	0.611584162	0.161335938	0.420255086
1220	-0.498218154	0.05666923	-0.145241008	-0.435246437	0.45209307	0.157521869	NaN	0.359580387	-0.210008222	0.033244978
1230	-0.102260915	0.23556464	0.250276893	-0.574383948	0.620503651	0.138563542	NaN	0.49809469	0.055675511	0.319575221
1240	0.311837978	0.290089904	0.864410151	-0.390928563	0.681198354	0.547711687	NaN	0.56807037	0.433435444	0.544809037
1250	-0.120462076	0.062453241	0.341240984	0.094300623	0.573545275	0.082328085	NaN	0.516518064	-0.033755313	0.169742744
1260	-0.264396228	-0.073369143	0.187958951	-0.409583296	0.340635841	0.570523315	NaN	0.266101134	-0.073147286	0.055946588
1270	-0.158779031	-0.18528666	0.594533261	0.139133821	0.23727151	1.171724461	NaN	0.224301477	0.071812656	0.154532172
1280	-0.243948073	-0.072117915	0.277917915	-0.871313703	0.522269918	0.057781071	NaN	0.395727675	-0.160105856	0.100937886
1290	-0.171618182	-0.054390337	0.291989708	-0.042260267	0.081922392	-1.536029742	NaN	0.078389865	-0.441918151	-0.268992173
1300	-0.313914478	0.30009409	0.181425619	-0.653795394	0.683955679	-1.077208389	NaN	0.543734205	-0.302102127	0.032971726
1310	0.100323056	0.351976508	0.109558961	-0.104356823	0.7199522	-0.895218581	NaN	0.63317614	0.011287834	0.277709421
1320	0.175304977	0.39346607	0.108553833	-0.182016167	0.231965793	-1.136898455	NaN	0.192330747	0.042866662	0.138559472
1330	-0.439113976	0.30927671	-0.522666603	-0.308631302	0.493674231	-1.267231833	NaN	0.412242717	-0.410080386	-0.088340475
1340	0.061848707	0.562490406	0.566389675	0.004170436	0.26950474	-0.379671488	NaN	0.25164076	0.172540285	0.179938522
1350	0.319533969	0.357489434	0.270882018	-0.420302038	0.502584159	-0.265096128	NaN	0.396343694	0.287421553	0.368424521
1360	-0.04553677	0.134274347	0.281435863	-0.63575905	0.442775136	-0.909776214	NaN	0.333945149	-0.171672814	0.018515621
1370	0.261299469	0.159182429	0.182933311	-0.876466945	0.419646537	0.407856584	NaN	0.29031143	0.316981424	0.359551377
1380	0.000589315	0.40639845	0.768922983	-0.997413514	0.086525783	-0.404971706	NaN	-0.013285085	0.061803176	0.084689106
1390	0.250922507	0.369583373	0.70258453	-0.388609605	0.241947414	-0.243149769	NaN	0.191715827	0.267724126	0.27715756
1400	0.014542059	0.447090007	NaN	0.020918469	1.113299228	-0.10169074	NaN	0.99176904	0.160525687	0.551749161
1410	-0.202525948	0.44450293	0.1467487	-0.613342451	0.115613235	0.318946191	NaN	0.0358094	0.109556246	0.089574391
1420	-0.039063839	0.003227859	0.747312729	-1.328509258	0.556270812	-0.540510164	NaN	0.39561403	-0.127337991	0.16770755
1430	-0.049001031	0.35673011	0.316615346	-0.765878389	0.41237718	-0.058168697	NaN	0.307124463	0.096295897	0.174885133
1440	0.090535636	-0.00554663	0.062820505	-0.150735993	0.42868731	0.94393953	NaN	0.365041675	0.254120522	0.263837236
1450	-0.33427445	0.185362535	0.066338453	-0.973554008	-0.52390371	-0.406978633	NaN	-0.52892	-0.211949662	-0.300920324
1460	0.234416986	0.239370135	0.232184587	0.310736752	0.417752584	-0.761916029	NaN	0.406086171	0.078204551	0.218382967
1470	-0.166956354	0.44944328	0.273394838	-0.177945107	0.251308763	-0.540198752	NaN	0.210458369	0.016938188	0.120264957
1480	-0.084864269	0.01951435	-0.433712768	-0.533106487	0.610877443	-0.795876635	NaN	0.4811964	-0.182942714	0.113386032
1490	0.089492738	0.071231098	0.621671719	-0.602932904	0.545524968	-0.885419725	NaN	0.43186141	-0.189455837	0.089276733
1500	-0.024576669	0.15117474	-0.150266648	-0.172688801	0.351628122	-0.723448345	NaN	0.30068533	-0.229246738	0.025777531
1510	0.167352263	0.364435463	-0.011056409	-0.849051702	0.159301899	-0.402707654	NaN	0.06251853	-0.019998266	-0.039397809
1520	-0.015729107	0.771400152	0.155794853	-0.446119776	0.449889728	0.108670473	NaN	0.349072005	0.236491931	0.291947538
1530	0.20081664	0.164305626	0.479948659	-0.214584651	0.426306031	0.5691904	NaN	0.3512269	0.219503532	0.276369536
1540	-0.277122352	0.0208228	0.564881982	-0.534497862	0.221961882	0.411751347	NaN	0.150486948	-0.1151189	0.019222822
1550	0.060818408	0.271650451	0.126646138	-1.201121137	0.67284689	0.303001035	NaN	0.49503424	0.142308006	0.320846447
1560	0.189375446	0.302377212	0.19398972	0.090951017	0.371249748	0.641610032	NaN	0.32706448	0.31508502	0.303229682
1570	-0.031923846	-0.090755275	0.100010244	-0.353000708	0.228149582	-0.34513285	NaN	0.173814039	-0.196602468	-0.019681811
1580	0.138763454	0.110172181	-0.277415351	-0.958712673	0.228269378	-0.606657256	NaN	0.132092081	-0.086355256	0.053790978
1590	-0.12184658	0.004210903	-0.118605114	0.523024521	-0.07630061	-0.145899621	NaN	-0.018290934	-0.093877485	-0.128035429
1600	0.364197476	0.300835247	0.341240984	-0.078281423	-0.249488362	0.657118406	NaN	-0.25818275	0.440961357	0.077442631
1610	-0.189501893	0.517994815	-0.262840994	0.028682686	0.476095745	-0.114439158	NaN	0.423036974	0.036301713	0.1713196
1620	-0.481898689	0.229278602	0.231179459	0.14023318	0.163350334	-0.790759756	NaN	0.160970786	-0.512081467	-0.207717831
1630	-0.054021772	0.011818282	0.21761023	0.01208925	0.352067788	-0.335397665	NaN	0.29189714	-0.163613706	-0.050019496
1640	-0.260400888	0.2050361	0.335210216	-0.708144911	0.225555315	0.228627433	NaN	0.12244446	-0.083744432	0.03473198
1650	0.042262573	0.42756981	0.004020512	-0.575560605	0.724896582	-1.073059271	NaN	0.56810593	-0.067759436	0.138077937
1660	0.284710867	0.048915099	0.879487072	-0.081716917	0.288569218	-0.23823057	NaN	0.23566275	0.103273139	0.106723119
1670	0.057528032	0.24238145	0.139712803	0.332477704	0.118103591	-0.212991058	NaN	0.137664944	-0.028489449	0.013194122
1680	-0.067179246	0.2475524	-0.070358966	-0.990986278	0.381766092	0.329269514	NaN	0.26405535	0.005998924	0.078025884
1690	-0.224889031	-0.36629093	-0.284953811	-0.589213831	0.505753693	0.676822355	NaN	0.39569915	-0.292431688	0.029224863
1700	-0.10145376	0.138576491	0.225651255	0.021828875	-0.007958359	-0.779517601	NaN	-0.011106277	-0.222444886	-0.129564639
1710	0.099938063	0.543886773	0.114584601	-0.301611443	0.121295609	-0.493231728	NaN	0.086131267	0.187305845	0.128888377
1720	-0.155603793	0.261136932	0.519148655	-0.461934501	0.270744519	-0.137196282	NaN	0.217047524	-0.113097043	0.052202456
1730	-0.580413563	0.11940658	0.534225576	-0.130933233	0.346126914	0.225634036	NaN	0.298734329	-0.24059973	0.034572056
1740	0.085777482	0.035372108	-0.009548717	-0.020399073	-0.629573705	-0.028750547	NaN	-0.58815433	0.031966715	-0.28675932
1750	-0.160005446	0.068006092	0.356317905	-0.210075565	-0.145841525	-0.928679019	NaN	-0.15318804	-0.279391373	-0.186225223
1760	-0.6075294	0.13976768	0.060810249	0.484240655	0.403778738	-0.669272184	NaN	0.39795323	-0.562756887	-0.01828327
1770	-0.377873884	0.32671693	0.159312801	0.249131185	0.119111881	-0.983193669	NaN	0.13559813	-0.304627871	-0.116695829
1780	-0.813788201	-0.080751812	-0.342246112	-0.052484441	0.089092874	-1.182905369	NaN	0.100322866	-0.738342831	-0.248515539
1790	-0.296716836	-0.02530331	0.241733304	-0.213919024	-0.074023931	-0.504012936	NaN	-0.09308116	-0.286739825	-0.166467356
1800	-0.250440407	-0.377800199	0.418133282	-0.089210588	0.037780921	-0.691091294	NaN	0.03455319	-0.34667177	-0.175510575
1810	0.015399999	-0.16665748	0.601569157	0.070657553	0.126268112	-0.393495877	NaN	0.107043029	0.012493938	0.023581534
1820	-0.503839568	0.049572413	-0.181425619	-0.052030812	0.304704846	-0.174726229	NaN	0.259504167	-0.335387683	-0.026106066
1830	-0.368208694	-0.05958929	0.189466644	0.251742733	0.460153395	-0.407739574	NaN	0.394887482	-0.371491837	0.033713087
1840	-0.527788903	0.153746661	0.121620498	-0.442930779	-0.236668297	-0.547047626	NaN	-0.266371989	-0.396820252	-0.266130822
1850	-0.768088241	0.233481322	-0.258317917	0.011399211	0.077648936	0.021382964	NaN	0.011475279	-0.479160005	-0.152043371
1860	-0.415549885	0.023503159	-0.602071722	-0.470277917	-0.027535781	0.620312437	NaN	-0.122851623	-0.078893148	-0.02260849
1870	-0.31119645	-0.249928338	-0.43522046	-0.219346785	0.101797852	-0.731599825	NaN	0.06629499	-0.349114748	-0.123920179
1880	-0.973669291	-0.24085142	0.19650254	-0.080650233	0.251552622	-1.049271239	NaN	0.18000257	-0.782861366	-0.21653869
1890	-0.334827503	0.061484363	-0.02613333	0.053559395	-0.103617523	-0.054816128	-0.261055353	-0.119494166	-0.278050582	-0.150758457
1900	-0.659507472	0.07656542	0.145241008	-0.183934029	-0.143617263	-0.247380499	-0.178537168	-0.142006645	-0.500031077	-0.280496968
1910	-0.238660867	0.115026293	0.528194807	-0.399310613	0.123274987	-0.038429388	-0.130676273	0.020443338	-0.139482328	-0.038524243
1920	-0.551703574	-0.136495687	-0.153784597	-0.549248953	0.070264244	-0.01942656	-0.154343492	-6.71E-05	-0.425147037	-0.128000264
1930	0.216839696	-0.04245673	-0.063323069	-0.169030499	0.317485728	0.101334653	-0.309136876	0.227812592	0.050394259	0.1214709
1940	-0.33369441	-0.116526037	0.308071757	-0.497733989	0.198515	0.125325218	-0.442109024	0.12916036	-0.317166179	-0.097028901
1950	-0.127973425	0.114715058	-0.07337435	-0.12167357	-0.332513798	0.451145359	-0.268605728	-0.339395167	-0.132839438	-0.202447039
1960	-0.078681985	-0.267942541	-0.232184587	-0.391299922	-0.184729342	0.090735601	-0.216473515	-0.214829421	-0.157834829	-0.184422405
1970	0.119933456	0.10904753	-0.278420479	0.167565959	-0.145895772	-0.237758554	0.15553195	-0.09933183	0.097133801	-0.001723639
1980	-0.078173512	0.18101739	0.41411277	0.365002818	0.33329571	0.18278702	-0.00198087	0.339671663	0.018549947	0.159838807
1990	0.286801517	NaN	NaN	0.554457185	0.676711914	0.066009011	0.576370645	0.66128853	0.057308209	0.326813715
2000	0.319978364	NaN	NaN	0.85111169	0.540015954	NaN	NaN	0.664561462	-0.037181833	0.278020423
