% Antarctica 2K 2017 isotope anomalies
% weighting method : based on the correlation between site d18O and regional d18O from ECHAM5 nudged by ERA-Interim
% smoothing : 5-year binned averages
% col 1 : time, in year AD
% col 2 : East Antarctic Plateau
% col 3 : Wilkes Land Coast
% col 4 : Weddell Sea Coast
% col 5 : Antarctic Peninsula
% col 6 : West Antarctic Ice Sheet
% col 7 : Victoria Land Coast
% col 8 : Dronning Maud Land Coast
% col 9 : West Antarctica : WAIS+Peninsula
% col 10 : East Antarctica
% col 11 : whole Antarctica


Time (year AD)	1. East Antarctic Plateau	2. Wilkes Land Coast	3. Weddell Sea Coast	4. Antarctic Peninsula	5. West Antarctic Ice Sheet	6. Victoria Land Coast	7. Dronning Maud Land Coast	West Antarctica	East Antarctica	All Antarctica
1802.5	-0.2878	-0.8038	0.451	-0.5318	-0.0299	-0.8477	-1.037	-0.049	-0.3182	0.0212
1807.5	0.8852	-1.2887	1.341	-0.5391	-0.3421	-0.829	2.4492	-0.4456	0.5942	-0.3862
1812.5	0.0094	-0.6556	0.785	-0.2571	0.223	0.4987	0.7379	-0.0242	0.2388	0.2743
1817.5	0.2182	-0.6119	1.737	-0.2263	0.0968	-0.5466	-3.3085	-0.0523	-0.0679	0.2962
1822.5	-0.5051	-0.5298	-0.223	-0.1666	0.4325	-1.079	0.038	0.2809	-0.3483	0.1235
1827.5	-0.2393	-0.0019	-0.371	-0.7555	0.6685	-0.6218	-2.6521	0.1418	-0.3105	0.4249
1832.5	-0.0184	-0.0257	1.197	-0.0579	0.7082	-0.1193	0.6697	0.2326	0.0204	0.5343
1837.5	0.4299	-0.336	-0.315	0.5935	1.4153	-1.8632	-1.1305	1.2412	-0.1906	0.8188
1842.5	0.41	-1.533	0.519	-1.0279	0.5473	-0.8576	0.4961	0.3742	0.0426	0.3127
1847.5	0.2014	-0.4845	0.093	-0.6316	-0.2097	0.0939	-0.1059	-0.2504	0.2936	0.2217
1852.5	-0.0724	-0.5834	-0.903	-0.899	1.226	-0.673	-0.0515	1.0506	-0.0275	0.7096
1857.5	0.0999	0.3076	0.003	-0.43	0.5805	-1.4273	-1.0748	0.7883	0.0586	0.3792
1862.5	0.4471	1.0106	-1.129	-0.6392	0.5312	0.0784	-0.1541	0.12	0.3828	0.3652
1867.5	0.5244	-0.23	-1.139	-0.7428	0.3852	0.6558	0.1811	0.1733	0.5102	0.2976
1872.5	-0.0589	-0.1492	-0.689	-0.4942	-0.097	-0.5754	-1.7288	-0.2266	-0.2706	-0.1894
1877.5	0.4871	-0.4689	-0.915	0.0529	0.5274	-0.2372	-1.2513	0.5041	0.1793	0.3169
1882.5	0.5078	-1.0272	-0.097	-0.8658	0.3091	0.3314	-0.8768	0.0201	0.429	0.447
1887.5	0.5838	-0.5905	1.007	0.1226	0.5916	0.6921	-0.8529	0.5717	0.5289	0.5284
1892.5	1.2818	-1.2202	0.729	0.2019	0.1957	-0.8534	-1.3203	0.2852	0.55	0.1899
1897.5	1.0429	-0.8374	-0.705	-0.7456	0.4214	0.0322	-0.6693	0.3591	0.6731	0.3313
1902.5	0.1461	-0.7208	0.769	-0.2677	-0.004	0.5394	0.4047	0.0236	0.3575	-0.0097
1907.5	0.6423	-1.2664	-0.063	-0.6617	0.2346	-0.845	-0.4301	0.325	0.2545	-0.211
1912.5	-0.4097	-0.8417	1.133	-0.7656	0.1455	0.0576	-0.3135	-0.0296	-0.1337	0.239
1917.5	0.413	-1.4054	1.097	-0.1558	0.1358	-0.23	0.1008	-0.1402	0.2417	0.1365
1922.5	1.1952	-0.0517	0.079	-0.3162	-0.0497	-0.1851	-0.0763	-0.5555	0.6568	0.001
1927.5	0.9203	-0.4605	-0.563	-0.767	-0.1508	0.119	-0.3283	-0.5284	0.5011	0.044
1932.5	0.1057	-0.6747	-0.135	-0.5363	0.0208	0.9645	-0.945	-0.2846	0.1719	0.2694
1937.5	1.0163	-1.46	0.011	0.0082	0.4154	0.0992	-1.4864	0.1275	0.6331	0.5743
1942.5	0.3079	-0.1905	0.227	-0.0399	0.1174	0.3705	-0.8604	-0.0666	0.2752	0.3268
1947.5	0.8072	-0.1103	1.127	-0.4743	-0.694	0.2085	-0.8448	-0.9858	0.4939	-0.1717
1952.5	-0.0704	-0.1068	-0.585	-0.4387	0.111	-0.7206	-0.6775	0.223	-0.2461	-0.0259
1957.5	0.3643	-0.4218	0.421	-0.2795	-0.5123	-0.5589	0.2254	-0.445	0.2336	-0.2375
1962.5	-0.1669	-0.3572	-0.521	-0.3671	-0.5358	-0.4145	0.6018	-0.5276	-0.3822	-0.4864
1967.5	0.1499	0.1714	-0.275	-0.4985	0.2602	0.7077	-0.2155	0.4285	0.2156	0.108
1972.5	-0.0057	-0.71	-0.645	0.5618	0.6683	-0.2721	0.2326	0.7828	-0.0741	0.328
1977.5	-0.1224	-0.3131	-0.335	-0.0037	-0.7606	0.0959	0.3278	-0.8571	0.0169	-0.4036
1982.5	-0.0657	0.5692	1.079	0.1259	0.7556	0.7698	0.1514	0.809	0.0731	0.5201
1987.5	0.364	0.6396	0.697	0.1816	-0.3521	-0.8868	0.1536	-0.6772	0.2498	0.0337
1992.5	0.3515	-0.3518	-1.5623	0.0365	0.1069	0.2754	0.8478	-0.0992	0.2446	0.2698
1997.5	1.0623	      NaN	      NaN	0.5999	-0.1435	-1.3401	0.479	-0.3203	0.6054	0.2526
2002.5	0.5974	      NaN	      NaN	0.5555	0.1184	-1.3374	0.5153	0.2168	0.3058	-0.0407
2007.5	1.0274	      NaN	      NaN	0.5638	1.0462	      NaN	0.5825	1.0818	0.9211	1.02
2012.5	      NaN	      NaN	      NaN	      NaN	2.1462	      NaN	      NaN	2.1462	      NaN	2.1462
