 10479 100  1   0.0  10.00 49951 21898  7754  2473  1081   594   220           1
   151    68    37    22     4     1     2     1 84257 34306 12408  4654       2
  2181  1100   506   286   135    67    30     8     4     3     1 5.52        3
 10479 100  2   0.10010.00  7918  2494   988   142    57    23     4           4
     0     2     1     2     0     2     1     7 11641  3723  1229   241       5
    99    42    19    15    15    13    12    10    10     8     7 2.12        6
 10479 100  3   0.20010.00  1341   372   203   111    58    32    12           7
     4     3     1     0     1     2     0     6  2146   805   433   230       8
   119    61    29    17    13    10     9     9     8     6     610.72        9
 10479 100  4   0.30010.00  8924  8141  1602   439   108    67    35          10
     9     5     7     3     3     2     5     3 19353 10429  2288   686      11
   247   139    72    37    28    23    16    13    10     8     3 3.52       12
 10479 100  5   0.40010.00  1835   706   479   320   205   125    51          13
    38    21     7    10    10     5     5     8  3825  1990  1284   805      14
   485   280   155   104    66    45    38    28    18    13     821.02       15
 10479 100  6   0.50010.00  4119  1786  1179   854   519   297   146          16
    88    47    39    30    27    15     9     9  9164  5045  3259  2080      17
  1226   707   410   264   176   129    90    60    33    18     922.72       18
 10479 100  7   0.60010.00  4442  1148   785   917   523   158    85          19
    62    22     7    12     9     3     7     6  8186  3744  2596  1811      20
   894   371   213   128    66    44    37    25    16    13     622.12       21
 10479 100  8   0.70010.00  4123  1310   873   608   387   226   100          22
    55    24    17     9     5    10     6    14  7767  3644  2334  1461      23
   853   466   240   140    85    61    44    35    30    20    1418.82       24
 10479 100  9   0.80010.00  4808  3051  1329   478   200   117    26          25
    15     5     6     5     3     0     3     2 10048  5240  2189   860      26
   382   182    65    39    24    19    13     8     5     5     2 8.62       27
 10479 100 10   0.90010.00  2830   555   115    89    58    22    12          28
    10     5     4     7     4     4     4     5  3724   894   339   224      29
   135    77    55    43    33    28    24    17    13     9     5 6.02       30
 10479 100 11   1.00010.00  4008   525   224   174   241   157    75          31
    49    20    24    10     4     5     2    10  5528  1520   995   771      32
   597   356   199   124    75    55    31    21    17    12    1013.92       33
 10479 100 12   1.10010.00  2632   790   447   217   140    73    29          34
    18     8     7    10    10     7     7    20  4415  1783   993   546      35
   329   189   116    87    69    61    54    44    34    27    2012.42       36
 10479 100 13   1.20010.00  1911   729   419   400   261   106    74          37
    36    21    16    13     8     6     6    11  4017  2106  1377   958      38
   558   297   191   117    81    60    44    31    23    17    1123.82       39
 10479 100 14   1.30010.00  2070   676   301   203   108    50    21          40
    15     7     1     4     3     5     5    31  3500  1430   754   453      41
   250   142    92    71    56    49    48    44    41    36    3112.92       42
 10479 100 15   1.40010.00 38177 28395 10556  1541   382   185   117          43
    65    28    12     7     0     6     5     7 79483 41306 12911  2355      44
   814   432   247   130    65    37    25    18    18    12     7 3.02       45
 10479 100 16   1.50010.00  7152  6591  5244  2854   795   164    85          46
    51    36    20    21    16     9    12    13 23063 15911  9320  4076      47
  1222   427   263   178   127    91    71    50    34    25    1317.72       48
 10479 100 17   1.60010.00  6289  5308  1818   655   219    55    26          49
    17     6     5     0     5     6     1    20 14430  8141  2833  1015      50
   360   141    86    60    43    37    32    32    27    21    20 7.02       51
 10479 100 18   1.70010.00 24067 14510  3789   485    85    32    16          52
     7     8     1     2     4     2     5    30 43043 18976  4466   677      53
   192   107    75    59    52    44    43    41    37    35    30 1.62       54
 10479 100 19   1.80010.00 24879 15711 14841  7215  1178   149    60          55
    32    11     7     3     7     4     1    19 64117 39238 23527  8686      56
  1471   293   144    84    52    41    34    31    24    20    1913.52       57
 10479 100 20   1.90010.00  9612  5804  3228  2084   678   118    38          58
     9     1     0     0     0     0     1     0 21573 11961  6157  2929      59
   845   167    49    11     2     1     1     1     1     1     013.62       60
 10479 100 21   2.00010.00  2297   713   259   145    50    15    12          61
     3     0     0     0     1     0     0     2  3497  1200   487   228      62
    83    33    18     6     3     3     3     3     2     2     2 6.52       63
 10479 100 22   2.10010.00 26648 30135 12437  5887   947   157    25          64
     6     3     1     2     0     1     0     0 76249 49601 19466  7029      65
  1142   195    38    13     7     4     3     1     1     0     0 9.22       66
 10479 100 23   2.20010.00  4499   944   497   819   529   220    77          67
    42     8     2     1     1     4     3     3  7649  3150  2206  1709      68
   890   361   141    64    22    14    12    11    10     6     322.32       69
 10479 100 24   2.30010.00 13711  2292  3679  6815  3258   557    86          70
    29     8     8     1     5     2     3     2 30456 16745 14453 10774      71
  3959   701   144    58    29    21    13    12     7     5     235.42       72
 10479 100 25   2.40010.00 11682  9058  3514   840   123    17    12          73
    13     2     0     0     2     1     2    33 25299 13617  4559  1045      74
   205    82    65    53    40    38    38    38    36    35    33 4.12       75
 10479 100 26   2.50010.00  6626  8541  8981  6750  2309   352    83          76
    28    14    14    11    10    12    12     7 33750 27124 18583  9602      77
  2852   543   191   108    80    66    52    41    31    19     728.52       78
 10479 100 27   2.60010.00 69371 54635 25736  6205  1196   175    67          79
    23     9     1     2     5     3     7    37157472 88101 33466  7730      80
  1525   329   154    87    64    55    54    52    47    44    37 4.92       81
 10479 100 28   2.70010.00 14088  5926  2127  1045   202    41    13          82
     3     3     2     0     1     1     1     0 23453  9365  3439  1312      83
   267    65    24    11     8     5     3     3     2     1     0 5.62       84
 10479 100 29   2.80010.00 50327 34600 19019  5351  1198   444   133          85
    40    41    44   151     3     2     1     4111358 61031 26431  7412      86
  2061   863   419   286   246   205   161    10     7     5     4 6.72       87
 10479 100 30   2.90010.00 22624 13747  3302   540    80    27    10          88
     1     4     0     0     0     0     1     5 40341 17717  3970   668      89
   128    48    21    11    10     6     6     6     6     6     5 1.72       90
 10479 200  1   0.0  10.00 47813 25483 15982  6836  1249   383   132          91
    60    41    25    11     5     6     4    40 98070 50257 24774  8792      92
  1956   707   324   192   132    91    66    55    50    44    40 9.02       93
 10479 200  2   0.10010.00  3098   891   396   198    99    50    16          94
     9     4     1     1     0     1     0     3  4767  1669   778   382      95
   184    85    35    19    10     6     5     4     4     3     3 8.02       96
 10479 200  3   0.20010.00  8205  3121   779   213    99    37     9          97
     5     5     4     1     1     0     0     4 12483  4278  1157   378      98
   165    66    29    20    15    10     6     5     4     4     4 3.02       99
 10479 200  4   0.30010.00 51058 46870 13018   167    20    11    11         100
     6     1     1     0     0     0     0     0111163 60105 13235   217     101
    50    30    19     8     2     1     0     0     0     0     0 0.22      102
 10479 200  5   0.40010.00 11776  3491   688   108    53    31    15         103
     9     8     2     4     2     0     0     0 16187  4411   920   232     104
   124    71    40    25    16     8     6     2     0     0     0 1.42      105
 10479 200  6   0.50010.00  2152  1970  1019   432   112    29     9         106
     4     0     0     0     1     0     1     0  5729  3577  1607   588     107
   156    44    15     6     2     2     2     2     1     1     010.32      108
 10479 200  7   0.60010.00  1714   379   106    73    32    17    12         109
     4     2     3     1     0     1     0     1  2345   631   252   146     110
    73    41    24    12     8     6     3     2     2     1     1 6.22      111
 10479 200  8   0.70010.00  6167  1722   658   528   107    52    10         112
     6     3     1     1     2     3     0     1  9261  3094  1372   714     113
   186    79    27    17    11     8     7     6     4     1     1 7.72      114
 10479 200  9   0.80010.00 17717  6998  4391   823   149    33    20         115
     8     3     5     0     1     2     1     6 30157 12440  5442  1051     116
   228    79    46    26    18    15    10    10     9     7     6 3.52      117
 10479 200 10   0.90010.00  6385   665   219    85    60    36    10         118
     7     1     1     1     1     5     1    12  7489  1104   439   220     119
   135    75    39    29    22    21    20    19    18    13    12 2.92      120
 10479 200 11   1.00010.00  1334   366   180   100    37    34     8         121
     2     1     1     2     3     6     4    22  2100   766   400   220     122
   120    83    49    41    39    38    37    35    32    26    2210.52      123
 10479 200 12   1.10010.00  2114   465   232   142    55    46    20         124
    15     5     4     1     1     1     5     3  3109   995   530   298     125
   156   101    55    35    20    15    11    10     9     8     3 9.62      126
 10479 200 13   1.20010.00 61472 48289 16758  5430  1828   478   197         127
    44     9     4     3     3     1     0     2134518 73046 24757  7999     128
  2569   741   263    66    22    13     9     6     3     2     2 5.92      129
 10479 200 14   1.30010.00 15712  5825  3187  1184   809   603   205         130
     9     2     1     0     0     1     0     0 27538 11826  6001  2814     131
  1630   821   218    13     4     2     1     1     1     0     010.22      132
 10479 200 15   1.40010.00  3356   568   185    84    25    18     8         133
     4     3     1     0     2     0     2     4  4260   904   336   151     134
    67    42    24    16    12     9     8     8     6     6     4 3.52      135
 10479 200 16   1.50010.00  8845  7113  2982   766   134    47    25         136
     6     5     3     1     3     1     0     2 19933 11088  3975   993     137
   227    93    46    21    15    10     7     6     3     2     2 5.02      138
 10479 200 17   1.60010.00  3026   208    90    47    27    14     6         139
     5     2     1     0     0     1     1     1  3429   403   195   105     140
    58    31    17    11     6     4     3     3     3     2     1 3.12      141
 10479 200 18   1.70010.00  6520  2931  4553  2743   852   169    33         142
    11     4     2     0     0     1     0     0 17819 11299  8368  3815     143
  1072   220    51    18     7     3     1     1     1     0     021.42      144
 10479 200 19   1.80010.00  5782  3216  1905   726   210    74     7         145
     2     4     4     2     0     1     0     0 11933  6151  2935  1030     146
   304    94    20    13    11     7     3     1     1     0     0 8.62      147
 10479 200 20   1.90010.00  1792   822   279    88    39    25     4         148
     8     1     1     3     5     2     4    16  3089  1297   475   196     149
   108    69    44    40    32    31    30    27    22    20    16 6.32      150
 10479 200 21   2.00010.00  1228   670   172    47    22    12     9         151
     1     2     0     0     0     0     0     0  2163   935   265    93     152
    46    24    12     3     2     0     0     0     0     0     0 4.32      153
 10479 200 22   2.10010.00  2304  1650   764   484    79    14     5         154
     1     0     0     0     0     0     0     0  5301  2997  1347   583     155
    99    20     6     1     0     0     0     0     0     0     011.02      156
 10479 200 23   2.20010.00   681   199    97    50    32    16     3         157
     4     3     2     1     0     0     1     0  1089   408   209   112     158
    62    30    14    11     7     4     2     1     1     1     010.32      159
 10479 200 24   2.30010.00  3508  3773  1740   300    30    19     6         160
     2     1     1     0     2     3     0     3  9388  5880  2107   367     161
    67    37    18    12    10     9     8     8     6     3     3 3.92      162
 10479 200 25   2.40010.00 34363  4755   902   326    77    16    10         163
     2     2     1     0     2     1     4     9 40470  6107  1352   450     164
   124    47    31    21    19    17    16    16    14    13     9 1.12      165
 10479 200 26   2.50010.00 36805  8793  2216   839   316    78    22         166
     9     7     2     3     1     0     0     2 49093 12288  3495  1279     167
   440   124    46    24    15     8     6     3     2     2     2 2.62      168
 10479 200 27   2.60010.00 22662  4373  1405   210    46    14     9         169
     4     1     1     1     1     0     0     1 28728  6066  1693   288     170
    78    32    18     9     5     4     3     2     1     1     1 1.02      171
 10479 200 28   2.70010.00 14365  3233  1059   399   118    37    11         172
     1     0     2     0     1     0     0     1 19227  4862  1629   570     173
   171    53    16     5     4     4     2     2     1     1     1 3.02      174
 10479 200 29   2.80010.00  9848  6252  1832   718   505   109    23         175
    11     2     3     7     2     2     1     1 19316  9468  3216  1384     176
   666   161    52    29    18    16    13     6     4     2     1 7.22      177
 10479 200 30   2.90010.00 48920 12663  3512  1321   558   220    76         178
    29     4     4     2     1     1     0     1 67312 18392  5729  2217     179
   896   338   118    42    13     9     5     3     2     1     1 3.32      180
 10479 200 31   3.00010.00 47998 38043 16970  2992   541   190    77         181
    33    19    20    30    23    16    20    27106999 59001 20958  3988     182
   996   455   265   188   155   136   116    86    63    47    27 3.72      183
 10479 200 32   3.10010.00 76621 40234 14673  4415   784   181    53         184
    15     8     5     5     5     1     1     2137003 60382 20148  5475     185
  1060   276    95    42    27    19    14     9     4     3     2 4.02      186
 10479 200 33   3.20010.00 59580 29575 10668  3485  1043   230    46         187
    13     4     3     1     0     0     0     1104649 45069 15494  4826     188
  1341   298    68    22     9     5     2     1     1     1     1 4.62      189
 13179 200  1   0.0  10.00  2899   992   518   254   105    42    10         190
     2     1     1     2     2     0     1     1  4830  1931   939   421     191
   167    62    20    10     8     7     6     4     2     2     1 8.72      192
 13179 200  2   0.10010.00  7152  3165  1355   394   203    64    24         193
    12     8     4     4     3     8     2     3 12401  5249  2084   729     194
   335   132    68    44    32    24    20    16    13     5     3 5.92      195
 13179 200  3   0.20010.00 73331 60506 13920   207    22    15    14         196
     9     3     0     0     0     2     0     0148029 74698 14192   272     197
    65    43    28    14     5     2     2     2     2     0     0 0.22      198
 13179 200  4   0.30010.00 21312  7964  4192  1191   515   149    21         199
     4     0     1     0     0     0     0     0 35349 14037  6073  1881     200
   690   175    26     5     1     1     0     0     0     0     0 5.32      201
 13179 200  5   0.40010.00  5169  2480  1129   358    71    22     9         202
     2     1     0     0     0     0     1     1  9243  4074  1594   465     203
   107    36    14     5     3     2     2     2     2     2     1 5.02      204
 13179 200  6   0.50010.00  7782   296    88    60    35    16     8         205
     6     3     3     3     3     1     3     2  8309   527   231   143     206
    83    48    32    24    18    15    12     9     6     5     2 1.72      207
 13179 200  7   0.60010.00  7065  2381  1070   831   189    51    17         208
     3     6     1     0     0     1     2     0 11617  4552  2171  1101     209
   270    81    30    13    10     4     3     3     3     2     0 9.52      210
 13179 200  8   0.70010.00  7102  2326  1788   546   185    73    29         211
    23    12    14     7     8     5     4     8 12130  5028  2702   914     212
   368   183   110    81    58    46    32    25    17    12     8 7.52      213
 13179 200  9   0.80010.00 61926 66967 18568   227    57    40    18         214
     4     8     0     1     3     4     1     1147825 85899 18932   364     215
   137    80    40    22    18    10    10     9     6     2     1 0.22      216
 13179 200 10   0.90010.00 15784  3283   803   225    94    32    39         217
     5     3     2     2     0     0     2     3 20277  4493  1210   407     218
   182    88    56    17    12     9     7     5     5     5     3 2.02      219
 13179 200 11   1.00010.00 65610 16553  6579  5204  2177   668   239         220
    74    17    10     2     4     2     3     5 97147 31537 14984  8405     221
  3201  1024   356   117    43    26    16    14    10     8     5 8.72      222
 13179 200 12   1.10010.00 20728 30598 48426 48241 14510   592    21         223
     4     3     1     2     1     0     2     0163129142401111803 63377     224
 15136   626    34    13     9     6     5     3     2     2     038.92      225
 13179 200 13   1.20010.00  1526   379   200   101    49    34    21         226
    18     6     3     1     1     1     0     3  2343   817   438   238     227
   137    88    54    33    15     9     6     5     4     3     310.22      228
 13179 200 14   1.30010.00 34144 10653  4675  1496   413    72    28         229
    10     3     3     2     0     4     2     2 51507 17363  6710  2035     230
   539   126    54    26    16    13    10     8     8     4     2 4.02      231
 13179 200 15   1.40010.00 77968 53662 15815  1472    68    14     8         232
     6     1     2     0     1     0     1     0149018 71050 17388  1573     233
   101    33    19    11     5     4     2     2     1     1     0 1.12      234
 13179 200 16   1.50010.00  5024  2884  5199  3626  1099   173    44         235
    11     7     4     1     1     0     2     1 18076 13052 10168  4969     236
  1343   244    71    27    16     9     5     4     3     3     127.52      237
 13179 200 17   1.60010.00 34935  6420  2408   996   192    85    38         238
    10     2     0     0     2     1     6     7 45102 10167  3747  1339     239
   343   151    66    28    18    16    16    16    14    13     7 3.02      240
 13179 200 18   1.70010.00  2099   912   279    86    22    13     5         241
     2     1     1     1     1     1     0     0  3423  1324   412   133     242
    47    25    12     7     5     4     3     2     1     0     0 3.92      243
 13179 200 19   1.80010.00  1041   660   174    41    28    19     9         244
     7     5     0     0     0     2     0     1  1987   946   286   112     245
    71    43    24    15     8     3     3     3     3     1     1 5.62      246
 13179 200 20   1.90010.00  2096  1863   981  1056   245    38    12         247
     5     3     0     1     1     1     1     0  6303  4207  2344  1363     248
   307    62    24    12     7     4     4     3     2     1     021.62      249
 13179 200 21   2.00010.00  1744  1859  1020  1109   262    33    14         250
     1     1     2     0     1     1     0     1  6048  4304  2445  1425     251
   316    54    21     7     6     5     3     3     2     1     123.62      252
 13179 200 22   2.10010.00  2915   172    62    32    20     8     4         253
     1     2     2     0     0     0     0     0  3218   303   131    69     254
    37    17     9     5     4     2     0     0     0     0     0 2.12      255
 13179 200 23   2.20010.00  3916  4063  2213   435    38    33    12         256
     7     5     2     2     3     2     4     3 10738  6822  2759   546     257
   111    73    40    28    21    16    14    12     9     7     3 5.12      258
 13179 200 24   2.30010.00 66826 57619 13604   311    79    23     5         259
     3     4     3     5     6     2     7    13138510 71684 14065   461     260
   150    71    48    43    40    36    33    28    22    20    13 0.32      261
 13179 200 25   2.40010.00  9315  4493  2527   968   753   489   508         262
   164     6     0     0     1     0     0     0 19224  9909  5416  2889     263
  1921  1168   679   171     7     1     1     1     0     0     015.02      264
 13179 200 26   2.50010.00  6542  1074   138    69    42    19     3         265
     4     4     2     0     1     1     0     0  7899  1357   283   145     266
    76    34    15    12     8     4     2     2     1     0     0 1.82      267
 13179 200 27   2.60010.00  5968  2571  1004   350    85    24    12         268
     3     1     2     1     0     2     0     3 10026  4058  1487   483     269
   133    48    24    12     9     8     6     5     5     3     3 4.82      270
 13179 200 28   2.70010.00 25925 10700  2720   826   287   105    28         271
     7     2     2     2     6     1     6     3 40620 14695  3995  1275     272
   449   162    57    29    22    20    18    16    10     9     3 3.12      273
 13179 200 29   2.80010.00  5648  2031  1153   821   280    86    24         274
     6     1     3     0     0     0     0     1 10054  4406  2375  1222     275
   401   121    35    11     5     4     1     1     1     1     112.22      276
 13179 200 30   2.90010.00 65150 58985 31392  7287   985   287    57         277
    24    13    10    10    15     7     5     6164233 99083 40098  8706     278
  1419   434   147    90    66    53    43    33    18    11     6 5.32      279
 13179 200 31   3.00010.00 78685 41387 15382  4092   622   156    53         280
    30    13    19    16    23    24    18     7140527 61842 20455  5073     281
   981   359   203   150   120   107    88    72    49    25     7 3.62      282
 13179 200 32   3.10010.00 57743 37013 15364  4713  1315   356    94         283
    31    16     7     6     4     2     2     1116667 58924 21911  6547     284
  1834   519   163    69    38    22    15     9     5     3     1 5.62      285
 13179 100  1   0.0  10.00 68033 27836  9897  2605   869   318   103         286
    49    17     8    10     7    14     6    11109783 41750 13914  4017     287
  1412   543   225   122    73    56    48    38    31    17    11 3.72      288
 13179 100  2   0.10010.00  9822  2932   862   284    75    47    12         289
     5     1     1     0     1     1     0     0 14043  4221  1289   427     290
   143    68    21     9     4     3     2     2     1     0     0 3.02      291
 13179 100  3   0.20010.00  1949   560   266   133    60    33    16         292
     5     3     2     0     2     1     2     1  3033  1084   524   258     293
   125    65    32    16    11     8     6     6     4     3     1 8.52      294
 13179 100  4   0.30010.00  8806  7812  1541   280    85    36    18         295
     7     7     4     8     5     2     5     4 18620  9814  2002   461     296
   181    96    60    42    35    28    24    16    11     9     4 2.52      297
 13179 100  5   0.40010.00  3137  1263   792   547   289   171    85         298
    52    32    30    15    26    15    16    14  6484  3347  2084  1292     299
   745   456   285   200   148   116    86    71    45    30    1419.92      300
 13179 100  6   0.50010.00  2668   931   820  1000   394   123    50         301
    19    15     6     6    11    11    10    11  6075  3407  2476  1656     302
   656   262   139    89    70    55    49    43    32    21    1127.32      303
 13179 100  7   0.60010.00  2766   968   605   441   255   112    64         304
    28    13    14     8     5     9     5     3  5296  2530  1562   957     305
   516   261   149    85    57    44    30    22    17     8     318.12      306
 13179 100  8   0.70010.00  8215  4870  1864   564   225    82    33         307
     8     7     2     1     0     2     3     1 15877  7662  2792   928     308
   364   139    57    24    16     9     7     6     6     4     1 5.82      309
 13179 100  9   0.80010.00  1306   368   218   123    63    51    23         310
    15    10    12     3     3     2     4     4  2205   899   531   313     311
   190   127    76    53    38    28    16    13    10     8     414.22      312
 13179 100 10   0.90010.00  7693  1479   543   212   143   134    59         313
    40    28    18    92    13     8    16     9 10487  2794  1315   772     314
   560   417   283   224   184   156   138    46    33    25     9 7.42      315
 13179 100 11   1.00010.00  1139   290   145    83    51    39    10         316
    13    10     8     1     8     4     2     6  1809   670   380   235     317
   152   101    62    52    39    29    21    20    12     8     613.02      318
 13179 100 12   1.10010.00  3989   687   404   219   123    77    44         319
    34    21    20    15    25    15    17    33  5723  1734  1047   643     320
   424   301   224   180   146   125   105    90    65    50    3311.22      321
 13179 100 13   1.20010.00  1614   410   177   374   218    50    19         322
    14    11     6     7     2    14     5     5  2926  1312   902   725     323
   351   133    83    64    50    39    33    26    24    10     524.82      324
 13179 100 14   1.30010.00  2357   762   497   354   220    91    34         325
    33    13    21    17     9    16     5     5  4434  2077  1315   818     326
   464   244   153   119    86    73    52    35    26    10     518.42      327
 13179 100 15   1.40010.00 48005 31558 12289  2082   614   307   115         328
    71    28    11     4     1     3     1     0 95089 47084 15526  3237     329
  1155   541   234   119    48    20     9     5     4     1     0 3.42      330
 13179 100 16   1.50010.00  7815  7193  6004  3115   674    95    31         331
    25    11    13     9    13     7     5     4 25014 17199 10006  4002     332
   887   213   118    87    62    51    38    29    16     9     416.02      333
 13179 100 17   1.60010.00  7879  7309  2855   858   245    93    50         334
    29    12     3     7    11     7     3    10 19371 11492  4183  1328     335
   470   225   132    82    53    41    38    31    20    13    10 6.92      336
 13179 100 18   1.70010.00 26513 15744  4842   789    93    50    17         337
    14     3     2     1     3     1     1     1 48074 21561  5817   975     338
   186    93    43    26    12     9     7     6     3     2     1 2.02      339
 13179 100 19   1.80010.00 25095 21346 15823  6351   813   101    61         340
    19     6     2     4     3     1     3     3 69631 44536 23190  7367     341
  1016   203   102    41    22    16    14    10     7     6     310.62      342
 13179 100 20   1.90010.00 10787  6862  4005  2764  1370   504   136         343
    38     4     2     0     0     1     0     0 26473 15686  8824  4819     344
  2055   685   181    45     7     3     1     1     1     0     018.22      345
 13179 100 21   2.00010.00  1074   592   284   147    42    12     4         346
     8     2     0     0     3     1     3     0  2172  1098   506   222     347
    75    33    21    17     9     7     7     7     4     3     010.22      348
 13179 100 22   2.10010.00 41902 32346 13743  5100   944   183    38         349
    19     3     4     2     1     0     2     3 94290 52388 20042  6299     350
  1199   255    72    34    15    12     8     6     5     5     3 6.72      351
 13179 100 23   2.20010.00  6383   758   440   588   254    91    29         352
     6     2     1     0     4     2     1     0  8559  2176  1418   978     353
   390   136    45    16    10     8     7     7     3     1     011.42      354
 13179 100 24   2.30010.00 90161 11546  6110  7670  3351   462    59         355
    10     8     1     2     2     2     1     1119386 29225 17679 11569     356
  3899   548    86    27    17     9     8     6     4     2     1 9.72      357
 13179 100 25   2.40010.00 13887  8717  3034   786   108    40    15         358
     7     1     7     1     4     3     4     3 26617 12730  4013   979     359
   193    85    45    30    23    22    15    14    10     7     3 3.72      360
 13179 100 26   2.50010.00 12550  9123  8984  5972  1943   334    75         361
    32     5    16     4     7    10     7     8 39070 26520 17397  8413     362
  2441   498   164    89    57    52    36    32    25    15     821.52      363
 13179 100 27   2.60010.00 43902 25506 10674  2963   610   228   109         364
    51    25     6     9    17    13    12    11 84136 40234 14728  4054     365
  1091   481   253   144    93    68    62    53    36    23    11 4.82      366
 13179 100 28   2.70010.00 17499  5995  2351   926   150    25     4         367
     7     2     1     0     0     0     0     1 26961  9462  3467  1116     368
   190    40    15    11     4     2     1     1     1     1     1 4.12      369
 13179 100 29   2.80010.00 42343 34287 20450  4999   776   150    32         370
    13     5     3     8     3     2     0     1103072 60729 26442  5992     371
   993   217    67    35    22    17    14     6     3     1     1 5.82      372
 13179 100 30   2.90010.00 32846 17682  5007   769   128    50    18         373
     9     6     6    11     8     4     1     8 56553 23707  6025  1018     374
   249   121    71    53    44    38    32    21    13     9     8 1.82      375
 13179 100 31   3.00010.00 32804 37696 40255 23680  5035   614   184         376
    62    24     9     6     1     2     0     0140372107568 69872 29617     377
  5937   902   288   104    42    18     9     3     2     0     021.12      378
