QUELCCAYA 1978 PARTICLE SIZES PART B

REFERENCES:

Thompson, L.G., E. Mosley-Thompson, P. Grootes, and M. Pourchet. 1984. Tropical glaciers: potential for paleoclimatic reconstruction. Journal of Geophysical Research, 89 (D3), 4638-4646.

Thompson, L.G., E. Mosley-Thompson and Benjamin Morales Arnao. 1984. Major El Ni˝o/Southern Oscillation events recorded in stratigraphy of the tropical Quelccaya Ice Cap. Science, 226 (4670), 50-52.

 Thompson, L. G., E. Mosley-Thompson, J. F. Bolzan and B. R. Koci. 1985. A 1500 year record of tropical precipitation recorded in ice cores from the Quelccaya Ice Cap, Peru. Science, 229(4717), 971-973

Thompson, L.G. and E. Mosley-Thompson. 1987. Evidence of abrupt climatic change during the last 1,500 years recorded in ice cores from the tropical Quelccaya ice cap, Peru. Abrupt Climatic Change - Evidence and Implications, NATO/NSF Workshop volume. D. Reidel Publishing Co., 99-110

Shimada, I., C.B. Schaaf, L.G. Thompson and E. Mosley-Thompson. 1991. Cultural impacts of severe droughts in the prehistoric Andes: Application of a 1,500-year ice core precipitation record. World Archaeology: Archaeology and Arid Environment, 22(3), 247-270. 

Brecher, H.H. and Thompson, L.G. 1993. Measurement of the retreat of Qori Kalis in the tropical Andes of Peru by Terrestrial Photogrammertry. Photogrammetric Engineering and Remote Sensing, 59(6), 1017-1022

Thompson, L.G., M.E. Davis and E. Mosley-Thompson. 1994. Glacial records of global climate: A 1500-year tropical ice core record of climate. Human Ecology, 22(1), 83-95.

DATA DESCRIPTION:


# FILE: quel78b.dat
# Please read the file "README: Quelccaya Snow Pit Data"
# for information on column headings

DATA:

10479	100	1	0	10	151	68	37	22	4	1	2	1	84257	34306	12408	4654
10479	100	2	0.1	10	0	2	1	2	0	2	1	7	11641	3723	1229	241
10479	100	3	0.2	10	4	3	1	0	1	2	0	6	2146	805	433	230
10479	100	4	0.3	10	9	5	7	3	3	2	5	3	19353	10429	2288	686
10479	100	5	0.4	10	38	21	7	10	10	5	5	8	3825	1990	1284	805
10479	100	6	0.5	10	88	47	39	30	27	15	9	9	9164	5045	3259	2080
10479	100	7	0.6	10	62	22	7	12	9	3	7	6	8186	3744	2596	1811
10479	100	8	0.7	10	55	24	17	9	5	10	6	14	7767	3644	2334	1461
10479	100	9	0.8	10	15	5	6	5	3	0	3	2	10048	5240	2189	860
10479	100	10	0.9	10	10	5	4	7	4	4	4	5	3724	894	339	224
10479	100	11	1	10	49	20	24	10	4	5	2	10	5528	1520	995	771
10479	100	12	1.1	10	18	8	7	10	10	7	7	20	4415	1783	993	546
10479	100	13	1.2	10	36	21	16	13	8	6	6	11	4017	2106	1377	958
10479	100	14	1.3	10	15	7	1	4	3	5	5	31	3500	1430	754	453
10479	100	15	1.4	10	65	28	12	7	0	6	5	7	79483	41306	12911	2355
10479	100	16	1.5	10	51	36	20	21	16	9	12	13	23063	15911	9320	4076
10479	100	17	1.6	10	17	6	5	0	5	6	1	20	14430	8141	2833	1015
10479	100	18	1.7	10	7	8	1	2	4	2	5	30	43043	18976	4466	677
10479	100	19	1.8	10	32	11	7	3	7	4	1	19	64117	39238	23527	8686
10479	100	20	1.9	10	9	1	0	0	0	0	1	0	21573	11961	6157	2929
10479	100	21	2	10	3	0	0	0	1	0	0	2	3497	1200	487	228
10479	100	22	2.1	10	6	3	1	2	0	1	0	0	76249	49601	19466	7029
10479	100	23	2.2	10	42	8	2	1	1	4	3	3	7649	3150	2206	1709
10479	100	24	2.3	10	29	8	8	1	5	2	3	2	30456	16745	14453	10774
10479	100	25	2.4	10	13	2	0	0	2	1	2	33	25299	13617	4559	1045
10479	100	26	2.5	10	28	14	14	11	10	12	12	7	33750	27124	18583	9602
10479	100	27	2.6	10	23	9	1	2	5	3	7	37	157472	88101	33466	7730
10479	100	28	2.7	10	3	3	2	0	1	1	1	0	23453	9365	3439	1312
10479	100	29	2.8	10	40	41	44	151	3	2	1	4	111358	61031	26431	7412
10479	100	30	2.9	10	1	4	0	0	0	0	1	5	40341	17717	3970	668
10479	200	1	0	10	60	41	25	11	5	6	4	40	98070	50257	24774	8792
10479	200	2	0.1	10	9	4	1	1	0	1	0	3	4767	1669	778	382
10479	200	3	0.2	10	5	5	4	1	1	0	0	4	12483	4278	1157	378
10479	200	4	0.3	10	6	1	1	0	0	0	0	0	111163	60105	13235	217
10479	200	5	0.4	10	9	8	2	4	2	0	0	0	16187	4411	920	232
10479	200	6	0.5	10	4	0	0	0	1	0	1	0	5729	3577	1607	588
10479	200	7	0.6	10	4	2	3	1	0	1	0	1	2345	631	252	146
10479	200	8	0.7	10	6	3	1	1	2	3	0	1	9261	3094	1372	714
10479	200	9	0.8	10	8	3	5	0	1	2	1	6	30157	12440	5442	1051
10479	200	10	0.9	10	7	1	1	1	1	5	1	12	7489	1104	439	220
10479	200	11	1	10	2	1	1	2	3	6	4	22	2100	766	400	220
10479	200	12	1.1	10	15	5	4	1	1	1	5	3	3109	995	530	298
10479	200	13	1.2	10	44	9	4	3	3	1	0	2	134518	73046	24757	7999
10479	200	14	1.3	10	9	2	1	0	0	1	0	0	27538	11826	6001	2814
10479	200	15	1.4	10	4	3	1	0	2	0	2	4	4260	904	336	151
10479	200	16	1.5	10	6	5	3	1	3	1	0	2	19933	11088	3975	993
10479	200	17	1.6	10	5	2	1	0	0	1	1	1	3429	403	195	105
10479	200	18	1.7	10	11	4	2	0	0	1	0	0	17819	11299	8368	3815
10479	200	19	1.8	10	2	4	4	2	0	1	0	0	11933	6151	2935	1030
10479	200	20	1.9	10	8	1	1	3	5	2	4	16	3089	1297	475	196
10479	200	21	2	10	1	2	0	0	0	0	0	0	2163	935	265	93
10479	200	22	2.1	10	1	0	0	0	0	0	0	0	5301	2997	1347	583
10479	200	23	2.2	10	4	3	2	1	0	0	1	0	1089	408	209	112
10479	200	24	2.3	10	2	1	1	0	2	3	0	3	9388	5880	2107	367
10479	200	25	2.4	10	2	2	1	0	2	1	4	9	40470	6107	1352	450
10479	200	26	2.5	10	9	7	2	3	1	0	0	2	49093	12288	3495	1279
10479	200	27	2.6	10	4	1	1	1	1	0	0	1	28728	6066	1693	288
10479	200	28	2.7	10	1	0	2	0	1	0	0	1	19227	4862	1629	570
10479	200	29	2.8	10	11	2	3	7	2	2	1	1	19316	9468	3216	1384
10479	200	30	2.9	10	29	4	4	2	1	1	0	1	67312	18392	5729	2217
10479	200	31	3	10	33	19	20	30	23	16	20	27	106999	59001	20958	3988
10479	200	32	3.1	10	15	8	5	5	5	1	1	2	137003	60382	20148	5475
10479	200	33	3.2	10	13	4	3	1	0	0	0	1	104649	45069	15494	4826
13179	200	1	0	10	2	1	1	2	2	0	1	1	4830	1931	939	421
13179	200	2	0.1	10	12	8	4	4	3	8	2	3	12401	5249	2084	729
13179	200	3	0.2	10	9	3	0	0	0	2	0	0	148029	74698	14192	272
13179	200	4	0.3	10	4	0	1	0	0	0	0	0	35349	14037	6073	1881
13179	200	5	0.4	10	2	1	0	0	0	0	1	1	9243	4074	1594	465
13179	200	6	0.5	10	6	3	3	3	3	1	3	2	8309	527	231	143
13179	200	7	0.6	10	3	6	1	0	0	1	2	0	11617	4552	2171	1101
13179	200	8	0.7	10	23	12	14	7	8	5	4	8	12130	5028	2702	914
13179	200	9	0.8	10	4	8	0	1	3	4	1	1	147825	85899	18932	364
13179	200	10	0.9	10	5	3	2	2	0	0	2	3	20277	4493	1210	407
13179	200	11	1	10	74	17	10	2	4	2	3	5	97147	31537	14984	8405
13179	200	12	1.1	10	4	3	1	2	1	0	2	0	163129	142401	111000	63377
13179	200	13	1.2	10	18	6	3	1	1	1	0	3	2343	817	438	238
13179	200	14	1.3	10	10	3	3	2	0	4	2	2	51507	17363	6710	2035
13179	200	15	1.4	10	6	1	2	0	1	0	1	0	149018	71050	17388	1573
13179	200	16	1.5	10	11	7	4	1	1	0	2	1	18076	13052	10168	4969
13179	200	17	1.6	10	10	2	0	0	2	1	6	7	45102	10167	3747	1339
13179	200	18	1.7	10	2	1	1	1	1	1	0	0	3423	1324	412	133
13179	200	19	1.8	10	7	5	0	0	0	2	0	1	1987	946	286	112
13179	200	20	1.9	10	5	3	0	1	1	1	1	0	6303	4207	2344	1363
13179	200	21	2	10	1	1	2	0	1	1	0	1	6048	4304	2445	1425
13179	200	22	2.1	10	1	2	2	0	0	0	0	0	3218	303	131	69
13179	200	23	2.2	10	7	5	2	2	3	2	4	3	10738	6822	2759	546
13179	200	24	2.3	10	3	4	3	5	6	2	7	13	138510	71684	14065	461
13179	200	25	2.4	10	164	6	0	0	1	0	0	0	19224	9909	5416	2889
13179	200	26	2.5	10	4	4	2	0	1	1	0	0	7899	1357	283	145
13179	200	27	2.6	10	3	1	2	1	0	2	0	3	10026	4058	1487	483
13179	200	28	2.7	10	7	2	2	2	6	1	6	3	40620	14695	3995	1275
13179	200	29	2.8	10	6	1	3	0	0	0	0	1	10054	4406	2375	1222
13179	200	30	2.9	10	24	13	10	10	15	7	5	6	164233	99083	40098	8706
13179	200	31	3	10	30	13	19	16	23	24	18	7	140527	61842	20455	5073
13179	200	32	3.1	10	31	16	7	6	4	2	2	1	116667	58924	21911	6547
13179	100	1	0	10	49	17	8	10	7	14	6	11	109783	41750	13914	4017
13179	100	2	0.1	10	5	1	1	0	1	1	0	0	14043	4221	1289	427
13179	100	3	0.2	10	5	3	2	0	2	1	2	1	3033	1084	524	258
13179	100	4	0.3	10	7	7	4	8	5	2	5	4	18620	9814	2002	461
13179	100	5	0.4	10	52	32	30	15	26	15	16	14	6484	3347	2084	1292
13179	100	6	0.5	10	19	15	6	6	11	11	10	11	6075	3407	2476	1656
13179	100	7	0.6	10	28	13	14	8	5	9	5	3	5296	2530	1562	957
13179	100	8	0.7	10	8	7	2	1	0	2	3	1	15877	7662	2792	928
13179	100	9	0.8	10	15	10	12	3	3	2	4	4	2205	899	531	313
13179	100	10	0.9	10	40	28	18	92	13	8	16	9	10487	2794	1315	772
13179	100	11	1	10	13	10	8	1	8	4	2	6	1809	670	380	235
13179	100	12	1.1	10	34	21	20	15	25	15	17	33	5723	1734	1047	643
13179	100	13	1.2	10	14	11	6	7	2	14	5	5	2926	1312	902	725
13179	100	14	1.3	10	33	13	21	17	9	16	5	5	4434	2077	1315	818
13179	100	15	1.4	10	71	28	11	4	1	3	1	0	95089	47084	15526	3237
13179	100	16	1.5	10	25	11	13	9	13	7	5	4	25014	17199	10006	4002
13179	100	17	1.6	10	29	12	3	7	11	7	3	10	19371	11492	4183	1328
13179	100	18	1.7	10	14	3	2	1	3	1	1	1	48074	21561	5817	975
13179	100	19	1.8	10	19	6	2	4	3	1	3	3	69631	44536	23190	7367
13179	100	20	1.9	10	38	4	2	0	0	1	0	0	26473	15686	8824	4819
13179	100	21	2	10	8	2	0	0	3	1	3	0	2172	1098	506	222
13179	100	22	2.1	10	19	3	4	2	1	0	2	3	94290	52388	20042	6299
13179	100	23	2.2	10	6	2	1	0	4	2	1	0	8559	2176	1418	978
13179	100	24	2.3	10	10	8	1	2	2	2	1	1	119386	29225	17679	11569
13179	100	25	2.4	10	7	1	7	1	4	3	4	3	26617	12730	4013	979
13179	100	26	2.5	10	32	5	16	4	7	10	7	8	39070	26520	17397	8413
13179	100	27	2.6	10	51	25	6	9	17	13	12	11	84136	40234	14728	4054
13179	100	28	2.7	10	7	2	1	0	0	0	0	1	26961	9462	3467	1116
13179	100	29	2.8	10	13	5	3	8	3	2	0	1	103072	60729	26442	5992
13179	100	30	2.9	10	9	6	6	11	8	4	1	8	56553	23707	6025	1018
13179	100	31	3	10	62	24	9	6	1	2	0	0	140372	107568	69872	29617
