 91577  11  1   0.040 4.00 31433 13270  5163  1886   503   220    82    00000001
    43    17     9     0     1     1     0     1 52629 21196  7926  276300000002
   877   374   154    72    29    12     3     3     2     1     1 4.12 00000003
 91577  11  2   0.090 5.00 10759  5749  3522  1177   282    61    24    00000004
     5     1     3     2     2     0     1     2 21590 10831  5082  156000000005
   383   101    40    16    11    10     7     5     3     3     2 3.52 00000006
 91577  11  3   0.140 5.00  3596  1524   634   454   209    61    19    00000007
     6     5     2     0     1     2     0     0  6513  2917  1393   75900000008
   305    96    35    16    10     5     3     3     2     0     010.52 00000009
 91577  11  4   0.220 8.00 17341  6396  3599   927   276   138    54    00000010
    26     2     2     0     0     0     0     0 28761 11420  5024  142500000011
   498   222    84    30     4     2     0     0     0     0     0 4.42 00000012
 91577  11  5   0.300 8.00   552  1024  1108   428   174    57    11    00000013
     8     2     3     1     0     1     1     1  3371  2819  1795   68700000014
   259    85    28    17     9     7     4     3     3     2     1 9.22 00000015
 91577  11  6   0.380 8.00   651   141    69    31    16     6     5    00000016
     6     0     0     0     0     0     0     0   925   274   133    6400000017
    33    17    11     6     0     0     0     0     0     0     012.02 00000018
 91577  11  7   0.440 7.00  3163   974   758   433   142    33    23    00000019
     8     9     2     1     2     0     1     1  5550  2387  1413   65500000020
   222    80    47    24    16     7     5     4     2     2     1 9.32 00000021
 91577  11  8   0.530 8.00  1017   328   196   119    44    24    12    00000022
     4     8     3     1     0     1     0     0  1757   740   412   21600000023
    97    53    29    17    13     5     2     1     1     0     013.12 00000024
 91577  11  9   0.610 8.00   932   287   161   118    56    25    11    00000025
     7     3     1     1     0     1     0     0  1603   671   384   22300000026
   105    49    24    13     6     3     2     1     1     0     015.62 00000027
 91577  11 10   0.680 7.00  1987   504   248    87    38    17    13    00000028
     4     1     2     2     0     0     0     0  2903   916   412   16400000029
    77    39    22     9     5     4     2     0     0     0     0 8.42 00000030
 91577  11 11   0.760 8.00   663   303   609   702   128    25    12    00000031
     4     4     2     0     0     0     0     0  2452  1789  1486   87700000032
   175    47    22    10     6     2     0     0     0     0     0 9.82 00000033
 91577  11 12   0.840 8.00  1238  2452  1462   410   105    36    19    00000034
     8    10     6     0     0     0     0     0  5746  4508  2056   59400000035
   184    79    43    24    16     6     0     0     0     0     0 4.12 00000036
 91577  11 13   0.920 8.00   443   140    80    59    20    21     6    00000037
     3     1     0     0     0     0     1     0   774   331   191   11100000038
    52    32    11     5     2     1     1     1     1     1     015.72 00000039
 91577  11 14   0.990 7.00  1765   211    73    34    11    10     3    00000040
     2     2     0     0     0     1     1     0  2113   348   137    6400000041
    30    19     9     6     4     2     2     2     2     1     0 8.62 00000042
 91577  11 15   1.070 8.00   486    94    78    37    19    11    10    00000043
     3     4     0     2     0     0     0     1   745   259   165    8700000044
    50    31    20    10     7     3     3     1     1     1     119.32 00000045
 91577  11 16   1.140 7.00   822   413   197   122    71    35    14    00000046
    20    13     9    10     1     0     0     0  1727   905   492   29500000047
   173   102    67    53    33    20    11     1     0     0     019.12 00000048
 91577  11 17   1.220 8.00  2194   443   208   107    41    19     9    00000049
     4     3     1     1     1     0     0     0  3031   837   394   18600000050
    79    38    19    10     6     3     2     1     0     0     0 9.42 00000051
 91577  11 18   1.310 9.00  6895  2628   658   204    68    29    24    00000052
     7     4     2     0     0     0     0     0 10519  3624   996   33800000053
   134    66    37    13     6     2     0     0     0     0     0 3.72 00000054
 91577  11 19   1.390 8.00  1095   462   172    43    13     6     5    00000055
     3     0     0     0     0     0     0     0  1799   704   242    7000000056
    27    14     8     3     0     0     0     0     0     0     0 3.82 00000057
 91577  11 20   1.49010.00  5415  1248   503   248    61    23    10    00000058
     5     5     0    20     0     1     0     0  7539  2124   876   37300000059
   125    64    41    31    26    21    21     1     1     0     0 5.92 00000060
 91577  11 21   1.580 9.00 10972  3229  1038   466    95    28    11    00000061
     7     5     1     2     0     1     0     0 15855  4883  1654   61600000062
   150    55    27    16     9     4     3     1     1     0     0 3.12 00000063
 91577  11 22   1.670 9.00  9481  5124   870   230    98    65    35    00000064
    17     7     5     3     2     1     0     0 15938  6457  1333   46300000065
   233   135    70    35    18    11     6     3     1     0     0 3.62 00000066
 91577  11 23   1.740 7.00 17311  6942  2414   562    65    18    13    00000067
     6     2     0     0     0     0     0     1 27334 10023  3081   66700000068
   105    40    22     9     3     1     1     1     1     1     1 1.02 00000069
 91577  11 24   1.810 7.00 16332  6842  1745   151    47    17     1    00000070
     4     1     1     1     0     0     0     0 25142  8810  1968   22300000071
    72    25     8     7     3     2     1     0     0     0     0 0.82 00000072
 91577  11 25   1.880 7.00  5337  2129  1250   205    76    42    28    00000073
     6     1     0     0     0     0     0     0  9074  3737  1608   35800000074
   153    77    35     7     1     0     0     0     0     0     0 4.12 00000075
 91577  11 26   1.970 9.00 12465  9080  2774   416   106    20     8    00000076
     1     0     0     1     0     0     0     0 24871 12406  3326   55200000077
   136    30    10     2     1     1     1     0     0     0     0 1.12 00000078
 91577  11 27   2.030 6.00  4880  5024  1649   519    66    14     3    00000079
     1     4     1     1     1     0     2     0 12165  7285  2261   61200000080
    93    27    13    10     9     5     4     3     2     2     0 1.32 00000081
 91577  11 28   2.080 5.00 77150 33642 10155  2296   637   187    68    00000082
    20     3     0     2     1     1     2     0124164 47014 13372  321700000083
   921   284    97    29     9     6     6     4     3     2     0 2.02 00000084
 91577  11 29   2.170 9.00 29764 15633  5161  1162   291    76    22    00000085
    19     3     2     1     2     0     0     1 52137 22373  6740  157900000086
   417   126    50    28     9     6     4     3     1     1     1 1.92 00000087
 91577  11 30   2.250 8.00 14786  7474  4194  1346   373    84    15    00000088
     6     0     1     2     0     0     1     0 28282 13496  6022  182800000089
   482   109    25    10     4     4     3     1     1     1     0 3.62 00000090
 91577  12  1   0.040 4.00 49627 24142  7385  3058   702   173    72    00000091
    37    20     9     1     3     1     2     1 85233 35606 11464  407900000092
  1021   319   146    74    37    17     8     7     4     3     1 2.92 00000093
 91577  12  2   0.100 6.00 47232 12849  3207   960   270    50    20    00000094
     6     6     4     1     0     1     0     0 64606 17374  4525  131800000095
   358    88    38    18    12     6     2     1     1     0     0 2.12 00000096
 91577  12  3   0.170 7.00   964   287    96    51    35    14    12    00000097
     9     3     1     2     1     0     0     1  1476   512   225   12900000098
    78    43    29    17     8     5     4     2     1     1     115.22 00000099
 91577  12  4   0.250 8.00 51739 18128  4194  1663   484   180    58    00000100
    35     6     8     3     1     2     1     0 76502 24763  6635  244100000101
   778   294   114    56    21    15     7     4     3     1     0 3.12 00000102
 91577  12  5   0.320 7.00  1647   358   174   124    76    46    24    00000103
     5     2     1     0     1     1     0     1  2460   813   455   28100000104
   157    81    35    11     6     4     3     3     2     1     119.32 00000105
 91577  12  6   0.370 5.00   576    87    26    21    17     7     2    00000106
     2     1     1     1     0     0     0     0   741   165    78    5200000107
    31    14     7     5     3     2     1     0     0     0     018.82 00000108
 91577  12  7   0.450 8.00  1087   210   364   464   152    50    34    00000109
    19     4     1     1     0     1     2     0  2389  1302  1092   72800000110
   264   112    62    28     9     5     4     3     3     2     020.32 00000111
 91577  12  8   0.540 9.00   522   102    50    26    11     8     6    00000112
     2     0     5     0     0     0     2     2   736   214   112    6200000113
    36    25    17    11     9     9     4     4     4     4     216.82 00000114
 91577  12  9   0.590 5.00  2258   216   163   217   263   209    59    00000115
    21     8     4     1     0     0     0     0  3419  1161   945   78200000116
   565   302    93    34    13     5     1     0     0     0     048.72 00000117
 91577  12 10   0.670 8.00   771    97    55    19    11     5     5    00000118
     5     4     1     1     2     0     0     0   976   205   108    5300000119
    34    23    18    13     8     4     3     2     0     0     016.62 00000120
 91577  12 11   0.730 6.00   751   161    64    41    23     9    10    00000121
     5     5     2     0     1     0     0     0  1072   321   160    9600000122
    55    32    23    13     8     3     1     1     0     0     017.12 00000123
 91577  12 12   0.790 6.00  8996  2126   659   643   775   183    22    00000124
     2     4     0     0     0     1     1     0 13412  4416  2290  163100000125
   988   213    30     8     6     2     2     2     2     1     022.42 00000126
 91577  12 13   0.870 8.00   533   132    72    49    40    21    11    00000127
     4     2     1     1     4     1     1    11   883   350   218   14600000128
    97    57    36    25    21    19    18    17    13    12    1127.72 00000129
 91577  12 14   0.940 7.00   559    84    40    16     8    10     2    00000130
     0     2     1     0     0     1     0     2   725   166    82    4200000131
    26    18     8     6     6     4     3     3     3     2     215.72 00000132
 91577  12 15   1.000 6.00  9527   618   534   603   337   107    15    00000133
     7     1     1     1     2     0     1     0 11754  2227  1609  107500000134
   472   135    28    13     6     5     4     3     1     1     021.22 00000135
 91577  12 16   1.080 8.00   905   230   104    69    49    27    13    00000136
     4     3     0     1     1     0     0     0  1406   501   271   16700000137
    98    49    22     9     5     2     2     1     0     0     019.62 00000138
 91577  12 17   1.150 7.00  2241  1883   763   147    25     4     6    00000139
     3     1     0     1     0     2     1     0  5077  2836   953   19000000140
    43    18    14     8     5     4     4     3     3     1     0 1.52 00000141
 91577  12 18   1.220 7.00  4523  1750   697   223    65    19     9    00000142
     8     4     3     1     1     2     1     1  7307  2784  1034   33700000143
   114    49    30    21    13     9     6     5     4     2     1 4.12 00000144
 91577  12 19   1.280 6.00 17314  7930  4255  2171   862   236    35    00000145
     8     3     3     2     0     0     0     0 32819 15505  7575  332000000146
  1149   287    51    16     8     5     2     0     0     0     0 7.42 00000147
 91577  12 20   1.370 9.00  5630  2323   989   215    29    13     6    00000148
     8     3     0     0     0     0     0     0  9216  3586  1263   27400000149
    59    30    17    11     3     0     0     0     0     0     0 1.62 00000150
 91577  12 21   1.440 7.00  2424  1728   877   360    92    29    12    00000151
     3     0     0     0     0     0     0     0  5525  3101  1373   49600000152
   136    44    15     3     0     0     0     0     0     0     0 4.42 00000153
 91577  12 22   1.500 6.00  3870  1297   544  5103  1233    57     6    00000154
     5     0     2     3     0     0     0     1 12121  8251  6954  641000000155
  1307    74    17    11     6     6     4     1     1     1     115.82 00000156
 91577  12 23   1.570 7.00  3469  1987  1431  1950   784    75    10    00000157
     0     2     0     0     0     0     0     0  9708  6239  4252  282100000158
   871    87    12     2     2     0     0     0     0     0     014.02 00000159
 91577  12 24   1.650 8.00  3417  1382   441   150    49    24    14    00000160
     4     7     2     5     3     1     0     0  5499  2082   700   25900000161
   109    60    36    22    18    11     9     4     1     0     0 5.22 00000162
 91577  12 25   1.720 7.00  3067  2942  1198   337    80    26     8    00000163
    10     0     3     2     2     0     1    11  7687  4620  1678   48000000164
   143    63    37    29    19    19    16    14    12    12    11 3.12 00000165
 91577  12 26   1.800 8.00  6529  6415  3437  1379   497    84    17    00000166
     4     5     2     2     2     3     1     2 18379 11850  5435  199800000167
   619   122    38    21    17    12    10     8     6     3     2 5.22 00000168
 91577  12 27   1.870 7.00 11046  8709  4605  2592   880    67     9    00000169
     6     3     4     2     0     1     1     9 27934 16888  8179  357400000170
   982   102    35    26    20    17    13    11    11    10     9 5.82 00000171
 91577  12 28   1.97010.00  7407  7743  3020  1444   279    18     6    00000172
     2     4     1     0     1     0     2     3 19930 12523  4780  176000000173
   316    37    19    13    11     7     6     6     5     5     3 2.52 00000174
 91577  12 29   2.040 7.00 17001 10529  3453  1101   539   266    89    00000175
    21     2     5     5     5     9     5     5 33035 16034  5505  205200000176
   951   412   146    57    36    34    29    24    19    10     5 5.92 00000177
 91577  12 30   2.120 8.00 42758 39160 26572  8100   966   156    37    00000178
    19     5     1     4     0     3     2     0117783 75025 35865  929300000179
  1193   227    71    34    15    10     9     5     5     2     0 1.62 00000180
 91577  12 31   2.180 6.00 51161 24078  7467  2266   537   162    56    00000181
    25     9     2     0     0     0     0     0 85763 34602 10524  305700000182
   791   254    92    36    11     2     0     0     0     0     0 2.32 00000183
 91677  13  1   0.050 5.00  2959  7991  4382  1338   623   146    39    00000184
    14     5     6     1     1     0     0     1 17506 14547  6556  217400000185
   836   213    67    28    14     9     3     2     1     1     1 5.72 00000186
 91677  13  2   0.15010.00 58453 48688 21343  4849  1319   356   159    00000187
   120   106    73    28    25    27    14    14135574 77121 28433  709000000188
  2241   922   566   407   287   181   108    80    55    28    14 2.92 00000189
 91677  13  3   0.25010.00 48656 35721 17259  2317   223    45    19    00000190
    12     6     6     0     0     0     0     0104264 55608 19887  262800000191
   311    88    43    24    12     6     0     0     0     0     0 0.62 00000192
 91677  13  4   0.35010.00  6314  7798  4779  1723   629   266    96    00000193
    44    11     3     0     0     0     1     0 21664 15350  7552  277300000194
  1050   421   155    59    15     4     1     1     1     1     0 6.82 00000195
 91677  13  5   0.45010.00  9995 11212  5174   644    58     9     5    00000196
     2     0     0     0     0     0     0     1 27100 17105  5893   71900000197
    75    17     8     3     1     1     1     1     1     1     1 0.42 00000198
 91677  13  6   0.55010.00   870   491   264   218    93    29    24    00000199
    12     8     7     2     2     0     0     0  2020  1150   659   39500000200
   177    84    55    31    19    11     4     2     0     0     015.42 00000201
 91677  13  7   0.65010.00  1612  1205   873   967   635   159    24    00000202
    16     9     2     1     1     0     0     0  5504  3892  2687  181400000203
   847   212    53    29    13     4     2     1     0     0     021.82 00000204
 91677  13  8   0.75010.00  1141   949  1057   409   184    47     8    00000205
     9     3     1     0     0     0     0     0  3808  2667  1718   66100000206
   252    68    21    13     4     1     0     0     0     0     0 9.42 00000207
 91677  13  9   0.85010.00   478   140    98    64    35    24     9    00000208
     6     5     2     1     0     0     0     0   862   384   244   14600000209
    82    47    23    14     8     3     1     0     0     0     021.42 00000210
 91677  13 10   0.95010.00   595   465   412   258   142   101    47    00000211
    15     4     1     1     0     0     0     0  2041  1446   981   56900000212
   311   169    68    21     6     2     1     0     0     0     021.52 00000213
 91677  13 11   1.05010.00 13016  9806  5191  1712   676   240    83    00000214
    20     8     1     0     0     1     0     0 30754 17738  7932  274100000215
  1029   353   113    30    10     2     1     1     1     0     0 5.82 00000216
 91677  13 12   1.15010.00 42878 27423  9107  1961   180    28     5    00000217
     7     7     1     0     0     1     0     0 81598 38720 11297  219000000218
   229    49    21    16     9     2     1     1     1     0     0 0.62 00000219
 91677  13 13   1.25010.00  1119   646   763   414   104    32    10    00000220
     2     0     2     0     0     0     0     0  3092  1973  1327   56400000221
   150    46    14     4     2     2     0     0     0     0     0 7.62 00000222
 91677  13 14   1.35010.00 10926 12550  1532   221    61    29    20    00000223
    10     9     0     0     1     0     1     0 25360 14434  1884   35200000224
   131    70    41    21    11     2     2     2     1     1     0 0.92 00000225
 91677  13 15   1.45010.00  4658  2456  3439  4805  2013   275    53    00000226
    30    13     4     0     0     0     0     1 17747 13089 10633  719400000227
  2389   376   101    48    18     5     1     1     1     1     118.32 00000228
 91677  13 16   1.55010.00 11961  5127   848   261    82    43    15    00000229
     8     2     7     1     1     0     0     0 18356  6395  1268   42000000230
   159    77    34    19    11     9     2     1     0     0     0 2.52 00000231
 91677  13 17   1.65010.00 13370  8133  1936   280    60    30    23    00000232
    13     6     3     2     2     0     0     0 23858 10488  2355   41900000233
   139    79    49    26    13     7     4     2     0     0     0 1.32 00000234
 91677  13 18   1.75010.00 65866 24305  5732  2390  1408   297    25    00000235
     9     5     2     0     5     9     6     5100064 34198  9893  416100000236
  1771   363    66    41    32    27    25    25    20    11     5 5.22 00000237
 91677  13 19   1.85010.00 38403 17444  7679  1395   493   218    40    00000238
    13     3     3     3     0     2     2     0 65698 27295  9851  217200000239
   777   284    66    26    13    10     7     4     4     2     0 2.82 00000240
 91677  13 20   1.95010.00 14040 12451  2417   629   227    87    33    00000241
    32     9     7     4     2     2     1     0 29941 15901  3450  103300000242
   404   177    90    57    25    16     9     5     3     1     0 2.52 00000243
 91677  13 21   2.05010.00 13865  5416  2482   821   180    35     5    00000244
    10     1     1     0     0     1     0     0 22817  8952  3536  105400000245
   233    53    18    13     3     2     1     1     1     0     0 2.62 00000246
 91677  13 22   2.15010.00 16639 13360  3396   701   106    25     7    00000247
     3     2     0     1     0     0     0     1 34241 17602  4242   84600000248
   145    39    14     7     4     2     2     1     1     1     1 0.82 00000249
 91677  13 23   2.25010.00 49777 16714  4940   773   184    73    41    00000250
    17    11     5     3     2     1     2     1 72544 22767  6053  111300000251
   340   156    83    42    25    14     9     6     4     3     1 1.52 00000252
 91677  13 24   2.35010.00 53905 24354  9267  2366   627   269    99    00000253
    22    11     4     2     1     4     1     0 90932 37027 12673  340600000254
  1040   413   144    45    23    12     8     6     5     1     0 2.82 00000255
