QUELCCAYA 1976 PARTICLE SIZES PART C

REFERENCES:

Thompson, L.G., E. Mosley-Thompson, P. Grootes, and M. Pourchet. 1984. Tropical glaciers: potential for paleoclimatic reconstruction. Journal of Geophysical Research, 89 (D3), 4638-4646.

Thompson, L.G., E. Mosley-Thompson and Benjamin Morales Arnao. 1984. Major El Ni隳/Southern Oscillation events recorded in stratigraphy of the tropical Quelccaya Ice Cap. Science, 226 (4670), 50-52.

 Thompson, L. G., E. Mosley-Thompson, J. F. Bolzan and B. R. Koci. 1985. A 1500 year record of tropical precipitation recorded in ice cores from the Quelccaya Ice Cap, Peru. Science, 229(4717), 971-973

Thompson, L.G. and E. Mosley-Thompson. 1987. Evidence of abrupt climatic change during the last 1,500 years recorded in ice cores from the tropical Quelccaya ice cap, Peru. Abrupt Climatic Change - Evidence and Implications, NATO/NSF Workshop volume. D. Reidel Publishing Co., 99-110

Shimada, I., C.B. Schaaf, L.G. Thompson and E. Mosley-Thompson. 1991. Cultural impacts of severe droughts in the prehistoric Andes: Application of a 1,500-year ice core precipitation record. World Archaeology: Archaeology and Arid Environment, 22(3), 247-270. 

Brecher, H.H. and Thompson, L.G. 1993. Measurement of the retreat of Qori Kalis in the tropical Andes of Peru by Terrestrial Photogrammertry. Photogrammetric Engineering and Remote Sensing, 59(6), 1017-1022

Thompson, L.G., M.E. Davis and E. Mosley-Thompson. 1994. Glacial records of global climate: A 1500-year tropical ice core record of climate. Human Ecology, 22(1), 83-95.

DATA DESCRIPTION:


# FILE: quel76c.dat
# Please read the file "README: Quelccaya Snow Pit Data"
# for information on column headings

DATA:

102476	1	1	0.05	5	12504	3166	1378	781	488	314	214	133	83	50	21	12.8
102576	1	2	0.1	5	5095	1308	498	217	93	40	21	11	6	5	3	6.5
102576	1	3	0.15	5	7203	2077	584	227	117	78	49	28	21	14	4	2.4
102576	1	4	0.2	5	8921	2801	810	353	200	102	58	33	20	11	3	12.4
102576	1	5	0.25	5	16621	5743	2390	1000	327	127	62	36	23	9	5	13.6
102576	1	6	0.3	5	21913	4658	1238	429	190	100	53	24	18	8	6	11.6
102576	1	7	0.35	5	19764	8140	2383	691	226	95	47	29	20	11	8	16
102576	1	8	0.4	5	10888	3278	1223	412	167	90	47	32	18	9	5	4.9
102576	1	9	0.45	5	2599	960	436	215	119	70	42	33	27	17	11	2.6
102576	1	10	0.5	5	13666	3216	569	268	161	100	68	51	40	32	19	14
102576	1	11	0.55	5	3276	1013	432	232	136	76	47	25	18	9	2	3.1
102576	1	12	0.6	5	4811	1537	462	166	83	46	28	13	9	5	1	3.4
102576	1	13	0.65	5	18751	5963	1827	913	488	266	134	63	24	9	3	37.1
102576	1	14	0.7	5	5110	1196	360	189	98	55	22	6	6	2	0	8.5
102576	1	15	0.75	5	19849	7463	2974	1466	816	428	183	84	34	14	5	27.5
102576	1	16	0.8	5	4348	2093	1030	524	248	125	69	37	23	17	13	15.8
102576	1	17	0.85	5	5262	2443	1207	628	325	167	82	52	27	13	4	11
102576	1	18	0.9	5	969	486	254	137	75	26	7	5	4	2	2	10.2
102576	1	19	0.95	5	1204	571	217	91	50	18	10	7	5	3	2	10.2
102576	1	20	1	5	6302	2010	594	297	155	81	47	26	11	7	4	25.1
102576	2	21	1.05	5	3270	2133	1274	647	311	145	62	25	9	2	1	13.3
102576	2	22	1.1	5	928	537	338	206	124	73	50	30	14	9	5	7.2
102576	2	23	1.15	5	18265	2295	465	254	131	64	31	20	9	5	3	24.2
102576	2	24	1.2	5	3272	1446	761	307	105	52	30	16	5	3	1	11.3
102576	2	25	1.25	5	10322	2460	1077	421	122	41	17	8	5	4	2	7.2
102576	2	26	1.3	5	4536	1213	532	235	114	55	23	10	4	3	1	5.3
102576	2	27	1.35	5	7451	2296	177	78	59	46	26	15	9	7	3	24.2
102576	2	28	1.4	5	10659	1806	466	235	124	64	31	23	17	12	8	6.2
102576	2	29	1.45	5	13659	7732	1054	324	207	124	80	59	39	28	18	30.9
102576	2	30	1.5	5	3529	1615	796	406	200	86	44	26	21	10	6	10.7
102576	2	31	1.55	5	4442	923	337	143	77	42	24	16	9	4	2	5.7
102576	2	32	1.6	5	12203	7626	3458	1147	224	71	45	26	21	12	7	29.1
102576	2	33	1.65	5	260595	205364	116987	35038	1759	26	14	14	6	3	3	81.3
102576	2	34	1.7	5	6554	1956	474	204	115	69	35	19	8	4	1	5.4
102576	2	35	1.75	5	1033	483	209	74	32	17	13	7	4	1	1	2.8
102576	2	36	1.8	5	4405	1785	657	306	150	76	43	23	12	9	6	8.7
102576	2	37	1.85	5	1459	643	285	135	73	29	12	9	6	3	2	5.6
102576	2	38	1.9	5	2315	1218	630	277	88	29	12	7	5	1	1	3.4
102576	2	39	1.95	5	11813	2384	891	390	207	119	77	52	26	14	8	8
102576	2	40	2	5	3731	1655	650	264	121	58	19	7	3	2	1	3.5
102576	3	41	2.05	5	2521	706	252	137	81	41	24	11	4	2	1	1.5
102576	3	42	2.1	5	13727	4744	2109	625	157	60	33	17	11	9	3	12.6
102576	3	43	2.15	5	1093	557	308	170	98	57	38	22	15	10	5	5
102576	3	44	2.2	5	15340	2133	853	518	295	161	88	50	24	6	3	20.4
102576	3	45	2.25	5	1814	934	451	253	129	69	35	15	9	6	3	16
102576	3	46	2.3	5	3501	1219	426	127	46	18	4	2	2	2	1	22.5
102576	3	47	2.35	5	1448	545	266	167	107	61	36	24	19	14	7	5.6
102576	3	48	2.4	5	1843	561	269	132	66	42	31	20	11	9	5	1.7
102576	3	49	2.45	5	8504	4690	2478	1350	750	472	337	211	129	69	27	3.9
102576	3	50	2.5	5	1942	876	319	148	77	43	25	15	9	5	2	2.4
102576	3	51	2.55	5	6514	2225	456	146	82	54	34	18	9	7	3	8
102576	3	52	2.6	5	10090	1057	248	157	98	60	35	20	13	7	4	11
102576	3	53	2.65	5	5089	1991	1024	629	393	256	158	93	54	32	17	6.6
102576	3	54	2.7	5	5895	895	341	184	102	51	34	17	11	9	5	3.9
102576	3	55	2.75	5	2563	883	422	251	157	100	61	33	23	10	7	1.5
102576	3	56	2.8	5	5281	1514	341	101	43	17	10	6	5	4	2	2.1
102576	3	57	2.85	5	4841	951	353	178	99	69	60	41	22	13	5	4.4
102576	3	58	2.9	5	1925	399	141	65	36	16	10	5	1	0	0	0.8
102576	3	59	2.95	5	6014	1130	335	139	76	46	30	23	17	13	5	1.7
102576	3	60	3	5	3665	932	279	154	99	58	31	20	14	10	7	3
102576	4	61	3.05	5	4054	1271	541	249	134	84	54	38	24	8	5	1.7
102576	4	62	3.1	5	3423	1467	289	153	75	33	19	9	4	3	1	1.6
102576	4	63	3.15	5	2171	480	210	109	54	29	21	15	7	6	2	1.2
102576	4	64	3.2	5	6700	1172	399	197	118	69	31	18	11	8	4	6.8
102576	4	65	3.25	5	1387	324	143	63	33	14	9	4	1	1	1	0.7
102576	4	66	3.3	5	3327	1077	516	316	207	136	97	56	23	8	5	2
102576	4	67	3.35	5	2587	678	271	152	93	60	39	25	16	7	4	2.2
102576	4	68	3.4	5	2015	674	287	167	101	66	47	17	6	1	0	2.9
102576	4	69	3.45	5	1786	491	136	56	31	19	15	11	7	7	4	2.4
102576	4	70	3.5	5	4859	503	109	54	30	19	8	2	2	0	0	3.5
102576	4	71	3.55	6	987	357	54	14	4	3	3	2	1	1	1	1.1
102676	4	72	3.61	10	13857	4261	472	169	80	40	17	11	4	1	1	5.9
102676	4	73	3.71	12	285	115	50	30	14	7	4	1	1	1	0	2.82
102676	4	74	3.83	11	1773	276	33	7	4	2	1	0	0	0	0	7.32
102676	4	75	3.94	11	3166	1428	441	139	57	28	14	8	6	2	1	3.1
102676	5	76	4.05	7	2761	742	268	129	72	46	30	24	16	11	7	3.6
102676	5	77	4.12	7	1367	714	362	195	96	53	23	10	3	3	2	5.2
102676	5	78	4.19	10	10040	1387	239	131	61	33	14	12	3	1	1	11.8
102676	5	79	4.29	10	24882	11773	516	71	27	15	10	5	5	3	0	44.2
102676	5	80	4.39	10	6729	2255	361	129	75	43	29	24	17	12	3	5.7
102676	5	81	4.49	10	9704	4992	2388	874	176	33	12	3	1	1	1	6
102676	5	82	4.59	10	2280	797	382	172	103	68	51	39	21	13	5	3
102676	5	83	4.69	6	443	139	45	22	10	8	7	5	5	5	4	2.22
102676	5	84	4.75	10	773	155	44	24	18	10	8	6	4	2	0	2.02
102676	5	85	4.85	10	1614	570	176	63	19	10	4	3	3	2	1	4.52
102676	5	86	4.95	10	174	53	21	8	2	2	1	0	0	0	0	1.82
102676	6	87	5.05	12	4614	1287	249	87	39	21	11	3	2	0	1	9.72
102676	6	88	5.17	13	2020	737	333	187	95	56	29	21	12	8	3	1.2
102676	6	89	5.3	15	2347	520	82	29	12	9	4	3	2	2	2	12.72
102676	6	90	5.45	15	3963	691	312	147	68	28	12	10	8	5	3	4.6
102676	6	91	5.6	15	14574	4661	597	99	21	5	2	0	0	0	0	22.3
102676	6	92	5.75	15	2953	996	382	160	65	31	20	13	7	4	4	3.9
102676	6	93	5.9	15	1316	497	253	199	142	75	20	7	6	5	2	19.42
102676	7	94	6.05	12	1503	166	59	37	21	9	2	0	0	0	0	4.72
102676	7	95	6.17	9	1718	509	248	125	65	44	32	22	18	10	7	1.7
102676	7	96	6.26	10	2198	672	271	117	59	38	27	19	15	11	9	3.1
102676	7	97	6.36	10	1709	347	152	77	40	21	14	5	3	1	0	3.4
102676	7	98	6.46	10	5796	1929	433	102	51	30	22	13	7	4	1	4.9
102676	7	99	6.56	10	149	49	19	12	8	5	4	3	2	1	0	1.12
102676	7	100	6.66	10	4909	560	222	113	62	37	25	16	9	4	0	2.8
102676	7	101	6.76	10	1880	722	326	161	85	42	18	8	2	2	0	3
102676	7	102	6.86	10	1101	343	149	78	44	31	20	10	8	6	4	1.4
102676	7	103	6.96	9	1044	353	167	92	60	42	26	18	6	5	2	1.6
102676	8	104	7.05	10	561	107	17	5	3	1	1	0	0	0	0	1.72
102676	8	105	7.15	10	13305	2637	1369	850	518	302	175	88	39	10	1	5.7
102676	8	106	7.25	8	1179	693	434	263	145	82	52	31	20	7	4	4.6
102676	8	107	7.33	12	5743	1830	977	524	266	136	74	35	22	13	5	4.6
102676	8	108	7.45	13	2768	515	124	51	29	17	8	4	4	1	0	2.5
102676	8	109	7.58	13	3108	2359	906	188	51	31	25	18	13	10	8	5.3
102676	8	110	7.71	7	385	120	55	28	19	15	8	7	6	3	1	2.02
102676	8	111	7.78	15	1736	846	452	242	128	69	39	23	19	13	6	5.6
102676	8	112	7.93	12	2786	717	325	174	94	60	29	20	14	5	1	5
102676	9	113	8.05	10	958	425	205	114	53	31	12	9	6	3	1	2.6
102676	9	114	9.15	10	811	378	214	126	72	37	22	14	9	6	2	2.7
102676	9	115	8.25	5	807	226	89	45	22	11	7	5	3	3	3	2.92
102676	9	116	8.3	10	4969	2124	582	156	58	29	19	17	11	8	3	4.6
102676	9	117	8.4	10	550	198	82	41	19	12	9	7	5	3	2	1.4
102676	9	118	8.5	12	1803	638	197	71	32	19	12	9	5	4	2	4
102676	9	119	8.62	5	5086	1785	610	255	151	85	56	37	27	21	14	12.9
102676	9	120	8.67	10	3078	727	215	90	55	32	17	12	5	5	2	6.1
102676	9	121	8.77	10	751	307	135	71	38	24	14	10	9	3	2	2.5
102676	9	122	8.87	11	704	239	114	61	32	18	13	11	10	6	5	1.2
102676	9	123	8.98	7	1041	381	129	50	32	20	11	8	8	5	3	3
102676	10	124	9.05	12	7408	958	265	150	101	61	37	17	0	0	0	10.1
102676	10	125	9.17	12	1082	296	130	67	41	20	13	12	8	7	5	2.8
102776	10	126	9.29	14	2206	1165	756	431	231	143	93	53	30	13	6	3.5
102776	10	127	9.43	13	278	90	39	20	13	5	4	2	1	1	0	2.42
102776	10	128	9.56	14	570	162	82	57	31	16	9	6	3	3	2	2.72
102776	10	129	9.7	12	4445	2539	1069	380	117	66	38	20	8	4	2	13.5
102776	10	130	9.82	12	2430	814	337	156	65	28	5	3	3	1	1	5.2
102776	10	131	9.94	11	8873	2873	859	372	167	63	29	13	4	3	1	12
102776	11	132	10.05	8	4570	1505	249	93	50	23	19	12	10	5	0	7
102776	11	133	10.13	9	4374	925	347	204	103	39	16	11	9	6	3	10.7
102776	11	134	10.22	12	4674	1378	545	231	120	61	30	21	14	8	4	9.3
102776	11	135	10.34	12	116	60	37	18	10	5	4	2	2	2	0	1.52
102776	11	136	10.4	8	980	461	197	90	43	27	15	6	6	5	1	6.5
102776	11	137	10.48	8	2349	589	208	101	51	29	14	7	5	3	2	3.4
102776	11	138	10.56	10	1322	414	202	118	77	49	38	27	22	16	12	2.3
102776	11	139	10.66	10	1036	391	164	82	47	28	17	9	6	4	1	5.8
102776	11	140	10.76	10	1088	396	164	71	32	15	12	7	5	1	1	8.62
102776	11	141	10.86	9	359	91	44	22	15	9	6	5	4	3	3	1.82
102776	11	142	10.95	10	3966	1110	441	234	137	82	54	47	35	21	15	7.4
102776	12	143	11.05	14	1057	516	289	185	106	60	39	30	18	10	3	4.4
102776	12	144	11.19	15	2301	453	165	94	54	28	18	14	7	3	1	4.7
102776	12	145	11.34	14	1586	536	201	94	45	22	14	6	2	0	0	2.42
102776	12	146	11.48	14	370	118	55	31	24	16	10	3	2	2	2	0.92
102776	12	147	11.62	14	21566	12656	1323	332	208	109	69	47	33	23	8	26
102776	12	148	11.76	11	3333	703	120	48	20	9	5	3	2	1	0	28.72
102776	12	149	11.87	9	907	355	170	102	54	33	22	14	9	5	2	8.3
102776	12	150	11.96	9	803	420	189	103	58	28	15	10	7	3	1	13.4
102776	13	151	12.05	7	193	67	26	13	5	3	0	0	0	0	0	2.32
102776	13	152	12.12	10	3089	1663	711	284	132	56	21	10	7	2	0	6.4
102776	13	153	12.22	10	2944	1076	470	256	151	93	78	59	47	32	20	8.9
102776	13	154	12.32	10	464	227	120	57	26	8	6	2	1	0	0	1.8
102776	13	155	12.42	5	877	388	181	101	51	24	11	6	4	2	1	3.8
102776	13	156	12.47	10	194	57	23	12	7	5	3	1	1	1	1	1.72
102776	13	157	12.57	10	2583	407	74	35	25	12	5	1	1	0	0	11.62
102776	13	158	12.67	11	1628	356	158	91	54	29	17	8	6	4	2	2.6
102776	13	159	12.78	5	3664	1675	757	332	139	68	32	19	13	8	3	9
102776	13	160	12.83	8	9293	1563	484	190	116	64	38	21	9	4	4	11.4
102776	13	161	12.91	7	4757	1620	791	397	198	101	47	25	11	4	2	5.8
102776	13	162	12.98	7	625	337	239	166	139	100	35	24	13	9	5	3.72
102776	14	163	13.05	9	2977	652	221	76	38	21	8	7	6	4	3	4
102776	14	164	13.14	11	2252	738	317	146	81	42	14	8	5	5	2	3.62
102776	14	165	13.25	10	1208	430	99	39	17	8	6	3	2	1	0	5.32
102776	14	166	13.35	11	3990	1042	536	321	207	112	67	41	27	16	8	4.9
102776	14	167	13.46	10	372	78	30	11	5	3	2	0	0	0	0	2.32
102776	14	168	13.56	10	1274	456	228	134	68	28	21	14	8	7	7	1.6
102776	14	169	13.66	10	5654	1081	230	80	43	20	9	5	4	3	3	4.7
102776	14	170	13.76	9	11625	1629	418	180	97	56	40	29	20	12	9	10.6
102776	14	171	13.85	9	3177	581	45	18	9	3	1	1	0	0	0	22.82
102776	14	172	13.94	11	705	134	62	26	9	3	2	0	0	0	0	4.02
102776	15	173	14.05	9	2999	1171	305	69	23	15	8	6	2	1	0	7.9
102776	15	174	14.14	9	1033	161	36	22	10	6	4	3	3	2	2	4.52
102776	15	175	14.23	9	721	149	43	26	17	12	7	6	4	0	0	3.92
102776	15	176	14.32	6	937	151	64	30	17	14	10	8	4	4	2	4.62
102776	15	177	14.38	7	846	288	109	57	43	29	16	10	7	4	2	2.02
102776	15	178	14.45	6	1763	373	132	51	27	12	10	6	3	0	0	2.72
102776	15	179	14.51	6	4188	606	51	24	16	11	11	10	8	4	4	22.62
102776	15	180	14.57	12	9967	3482	843	294	146	82	51	36	27	19	8	9.2
102776	15	181	14.69	12	470	70	17	5	1	0	0	0	0	0	0	2.32
102776	15	182	14.81	4	2256	789	355	168	97	64	42	28	18	14	6	2.1
102776	15	183	14.85	10	17381	3039	500	229	112	70	46	33	24	17	9	12.3
102976	201	1	0	5	2115	590	172	78	32	19	9	4	1	0	0	3.12
102976	201	2	0.05	5	1211	661	395	213	119	80	45	27	20	12	7	4.12
102976	201	3	0.1	5	6110	1662	493	243	138	73	43	23	15	9	7	13.8
102976	201	4	0.15	5	1848	595	249	127	74	43	19	11	3	1	1	16.7
102976	201	5	0.2	5	1263	461	189	72	36	25	16	11	6	2	2	2.9
102976	201	6	0.25	5	854	128	33	16	10	8	6	4	2	1	1	12.42
102976	201	7	0.3	5	455	225	123	79	50	28	18	13	11	10	7	4
102976	201	8	0.35	5	323	137	67	35	17	13	4	2	0	0	0	5
102976	201	9	0.4	5	8603	2430	742	254	103	40	16	12	8	4	3	16.5
102976	201	10	0.45	5	736	369	200	113	66	39	25	18	12	6	5	8.7
102976	201	11	0.5	5	316	156	74	44	22	9	4	2	2	1	0	9.7
102976	201	12	0.55	5	908	482	253	150	90	60	44	26	16	11	5	14.7
102976	201	13	0.6	5	1402	89	26	13	8	2	1	0	0	0	0	3.2
102976	201	14	0.65	5	594	189	49	14	4	3	2	1	1	1	1	4.42
102976	201	15	0.7	5	958	488	248	133	74	50	36	22	17	10	5	16.4
102976	201	16	0.75	5	1103	484	226	134	77	41	26	14	8	0	0	8.3
102976	201	17	0.8	5	554	227	96	32	16	9	4	0	0	0	0	12.4
102976	201	18	0.85	5	357	147	47	21	11	5	4	3	3	3	2	8.3
102976	201	19	0.9	5	1296	384	113	38	16	10	8	4	4	3	1	1.3
102976	201	20	0.95	5	2667	611	96	25	6	1	1	1	0	0	0	17.12
102976	202	21	1	5	569	262	117	76	39	20	12	7	6	2	1	5.1
102976	202	22	1.05	5	5570	512	145	62	29	11	2	1	0	0	0	10.6
102976	202	23	1.1	5	3279	1394	554	191	64	19	11	8	4	2	0	12.9
102976	202	24	1.15	5	236	56	21	10	4	0	0	0	0	0	0	3.32
102976	202	25	1.2	5	633	242	83	35	19	8	5	4	3	2	1	3
102976	202	26	1.25	5	1327	536	167	67	39	29	21	19	14	13	8	8
102976	202	27	1.3	5	276	131	58	25	13	7	2	0	0	0	0	3.6
102976	202	28	1.35	5	276	125	61	26	8	5	3	3	0	0	0	3.9
102976	202	29	1.4	5	32	16	6	2	1	0	0	0	0	0	0	0.22
102976	202	30	1.45	5	975	477	245	128	72	40	19	12	8	5	1	3.5
102976	202	31	1.5	5	2797	680	195	94	51	25	10	6	3	2	1	7.9
102976	202	32	1.55	5	1037	522	267	152	75	31	18	13	8	4	0	5
102976	202	33	1.6	5	454	227	132	69	30	17	9	5	5	4	3	2
102976	202	34	1.65	5	1274	459	159	67	33	20	10	6	5	4	1	7.2
102976	202	35	1.7	5	2393	88	8	4	3	2	2	2	2	2	2	28.82
102976	202	36	1.75	5	466	174	33	9	3	1	1	1	1	1	0	2.92
102976	202	37	1.8	5	819	378	186	69	27	14	6	4	2	1	1	2.8
102976	202	38	1.85	5	761	315	176	109	69	55	49	46	41	38	27	2.8
102976	202	39	1.9	5	3674	638	224	118	80	60	54	48	39	36	24	4.9
102976	202	40	1.95	5	783	247	126	67	45	31	22	15	13	10	4	2.4
102976	203	41	2	11	7374	824	232	132	88	64	47	30	23	16	8	12.7
102976	203	42	2.11	11	530	70	26	11	9	6	6	5	5	5	0	2.42
102976	203	43	2.22	15	194	50	20	13	4	2	1	1	1	1	1	1.32
102976	203	44	2.37	8	676	304	156	87	52	37	24	16	13	8	6	1.02
102976	203	45	2.45	9	447	154	78	53	41	39	33	32	32	27	23	1.72
102976	203	46	2.54	11	2537	654	219	101	61	29	16	7	6	3	1	3.62
102976	203	47	2.65	9	831	354	140	60	29	18	15	9	5	2	1	2.62
102976	203	48	2.74	11	629	111	40	18	7	5	4	4	3	1	1	1.32
102976	203	49	2.85	15	1068	347	131	66	17	7	4	2	1	1	0	5.42
102976	204	50	3	14	0	0	0	0	0	0	0	0	0	0	0	0.01
102976	204	51	3.14	14	372	80	39	21	9	7	7	5	2	0	0	1.62
102976	204	52	3.28	14	1405	201	66	35	21	6	4	4	1	0	0	3.12
102976	204	53	3.42	14	1267	660	285	71	12	3	2	2	2	0	0	11.32
102976	204	54	3.56	11	509	145	38	14	5	4	3	3	2	1	0	3.02
102976	204	55	3.7	15	795	381	160	63	29	14	10	8	5	1	0	2.4
102976	204	56	3.85	10	1626	445	59	18	13	10	6	6	2	2	1	11.92
102976	204	57	3.95	10	593	250	75	18	6	5	2	1	1	1	1	6.92
102976	205	58	4.05	10	362	112	29	10	6	4	3	2	1	1	1	2.22
102976	205	59	4.15	10	1224	365	123	51	34	22	14	10	5	1	0	4.12
102976	205	60	4.25	10	1047	339	154	53	15	9	4	1	1	0	0	2.12
102976	205	61	4.35	10	377	162	84	21	6	3	2	1	1	1	1	1.52
102976	205	62	4.45	10	792	173	47	19	12	11	8	7	3	0	0	2.22
102976	205	63	4.55	10	405	108	38	27	16	7	7	5	5	4	2	1.82
102976	205	64	4.65	10	1074	252	27	10	4	1	0	0	0	0	0	4.02
102976	205	65	4.75	10	939	160	28	12	7	5	5	4	3	2	2	3.82
102976	205	66	4.85	15	622	103	27	3	1	1	0	0	0	0	0	5.12
102976	206	67	5	15	599	98	29	11	5	2	1	0	0	0	0	6.32
102976	206	68	5.15	14	182	75	35	16	9	6	4	2	2	2	0	1.62
102976	206	69	5.29	10	7432	3866	1064	292	151	81	43	30	14	8	2	11.4
102976	206	70	5.39	14	453	177	95	60	39	30	23	20	19	17	12	2.12
110176	206	71	5.53	15	1453	479	93	22	15	13	12	8	7	6	4	6.72
110176	206	72	5.68	17	164	34	8	6	4	3	2	2	0	0	0	1.32
110176	206	73	5.85	15	264	85	34	20	11	4	2	2	0	0	0	1.12
110176	207	74	6	15	821	259	80	38	15	11	8	4	2	1	0	3.9
110176	207	75	6.15	15	389	105	33	18	8	5	4	4	3	3	2	1.92
110176	207	76	6.3	13	1117	272	68	26	10	5	2	2	1	1	1	3.72
110176	207	77	6.43	15	1050	223	54	22	14	5	2	1	1	1	1	4.32
110176	207	78	6.58	15	795	124	35	15	6	5	4	4	3	2	2	3.42
110176	207	79	6.73	12	1792	327	48	23	12	7	7	5	3	3	2	8.02
110176	207	80	6.85	7	316	136	62	34	18	8	3	2	2	2	1	2.52
110176	208	81	6.92	8	449	86	18	7	2	1	0	0	0	0	0	5.42
110776	208	82	7	9	221	78	39	30	21	15	12	9	6	6	5	1.82
110176	208	83	7.09	8	611	151	56	36	23	14	9	7	5	4	3	2.12
110176	208	84	7.17	10	457	104	35	17	8	5	3	2	1	1	0	2.82
110176	208	85	7.27	10	447	145	52	23	13	10	1	1	1	1	1	3.02
110176	208	86	7.37	10	1618	429	122	48	30	20	17	12	8	8	6	6.02
110176	208	87	7.47	8	663	221	99	51	43	35	33	32	29	29	27	3.02
110176	208	88	7.55	10	780	244	74	36	18	12	9	6	4	4	1	2.52
110176	208	89	7.65	10	526	135	41	15	8	5	4	2	2	1	1	3.22
110176	208	90	7.75	10	151	52	23	15	12	7	6	4	3	2	1	0.92
110176	208	91	7.85	9	690	204	105	67	42	30	17	10	7	5	2	2.42
110176	208	92	7.94	13	1305	727	168	22	12	8	5	4	2	1	1	6.92
110176	209	93	8.07	13	1404	193	37	27	22	21	16	12	12	12	10	6.42
110176	209	94	8.2	13	748	255	91	32	14	6	3	3	2	1	0	4.22
110176	209	95	8.33	13	582	160	53	19	9	3	2	1	1	1	0	3.62
110176	209	96	8.46	13	1527	352	85	44	25	16	8	4	3	2	0	8.82
110176	209	97	8.59	13	633	202	81	43	29	15	11	7	4	3	3	2.52
110176	209	98	8.72	13	500	169	65	35	23	13	7	5	3	1	1	3.12
110176	209	99	8.85	13	1761	493	296	218	153	108	76	47	22	10	6	3.72
110176	209	100	8.98	13	2563	1155	598	343	196	111	61	33	15	5	1	9.22
110176	210	101	9.11	15	293	203	135	106	75	45	26	14	7	2	2	3.72
110176	210	102	9.26	15	657	169	44	25	12	10	8	4	3	1	0	4.62
110176	210	103	9.41	15	5863	2138	500	138	70	45	27	21	11	4	1	8.6
110176	210	104	9.56	14	1388	709	410	248	129	71	39	28	15	9	7	12.3
110176	210	105	9.7	13	783	223	64	30	13	7	5	5	3	1	1	5.22
110176	210	106	9.85	9	2432	604	72	12	9	5	4	2	1	0	0	14.32
110176	210	107	9.94	13	1057	195	80	49	34	27	19	18	14	11	7	5.12
110176	211	108	10.07	16	964	222	37	7	3	1	1	0	0	0	0	4.72
110176	211	109	10.23	8	1972	712	292	146	85	49	27	16	8	5	0	7.82
110176	211	110	10.31	9	1379	218	51	27	18	6	1	0	0	0	0	5.52
110176	211	111	10.4	9	2128	433	62	7	3	1	1	1	1	1	1	6.22
110176	211	112	10.49	9	500	135	60	30	18	10	5	3	1	1	0	2.82
110176	211	113	10.58	12	257	109	40	12	4	3	0	0	0	0	0	4.42
110176	211	114	10.7	7	825	275	85	25	13	7	3	1	0	0	0	10.92
110176	211	115	10.77	8	947	443	229	133	72	40	27	19	7	3	1	2
110176	211	116	10.85	11	1988	1069	271	88	38	22	8	4	3	0	0	12.82
110176	211	117	10.96	10	2051	337	66	25	13	9	8	4	3	3	2	13.02
110176	212	118	11.06	11	0	0	0	0	0	0	0	0	0	0	0	0.01
110176	212	119	11.17	11	340	98	30	11	6	4	2	2	1	1	1	3.12
110176	212	120	11.28	12	392	149	60	35	28	25	23	20	20	17	16	5.52
110176	212	121	11.4	10	1128	363	142	80	53	37	32	27	19	11	4	5.32
110176	212	122	11.5	13	894	153	35	15	9	8	4	3	1	1	0	4.92
110176	212	123	11.63	11	1172	445	140	40	10	6	6	4	3	2	2	8.42
110176	212	124	11.74	11	2334	488	116	36	15	6	3	3	3	1	1	11.02
110176	212	125	11.85	13	147	33	5	1	1	1	0	0	0	0	0	2.02
110176	212	126	11.98	13	1618	407	83	34	18	8	4	3	3	1	1	9.72
110176	213	127	12.11	15	526	83	24	10	5	2	0	0	0	0	0	3.32
110176	213	128	12.26	15	2841	1495	834	464	210	88	40	24	11	4	0	4.4
110176	213	129	12.41	15	1040	197	31	9	5	2	2	2	2	1	1	14.12
110176	213	130	12.56	15	190	85	29	6	3	2	1	1	1	1	0	4.62
110176	213	131	12.71	14	514	73	12	7	7	3	1	0	0	0	0	1.72
110176	213	132	12.85	9	1619	182	74	44	29	19	14	10	7	4	3	6.72
110176	213	133	12.94	10	453	124	50	28	17	14	9	6	4	4	2	1.52
110176	214	134	13.04	10	320	116	41	22	11	8	5	3	2	2	2	2.22
110176	214	135	13.14	11	899	98	23	12	7	4	2	1	1	1	0	11.12
110176	214	136	13.25	12	2406	971	352	102	20	9	4	2	2	2	0	8.92
110176	214	137	13.37	11	1873	341	91	32	16	8	5	2	1	1	0	1.9
110176	214	138	13.48	12	198	97	46	20	4	1	1	1	1	1	0	0.82
110176	214	139	13.6	12	2185	822	417	251	152	96	66	46	23	12	4	5
110176	214	140	13.72	9	1565	720	388	229	132	62	37	24	13	9	5	9.4
110176	214	141	13.81	8	381	207	130	92	41	19	12	4	2	1	0	3.42
110176	214	142	13.89	10	1549	625	312	162	87	53	34	22	12	9	5	3.5
110176	214	143	13.99	10	2164	693	277	147	83	59	38	28	25	15	9	9.52
110176	215	144	14.09	9	1878	476	53	18	7	2	1	1	0	0	0	11
110176	215	145	14.18	9	3098	834	216	91	44	24	12	8	8	6	2	10.32
110176	215	146	14.27	13	10477	1931	417	110	28	17	9	2	0	0	0	33.7
110176	215	147	14.4	13	2249	720	287	126	60	42	21	12	6	2	0	3.1
110176	215	148	14.53	12	6729	2030	1123	972	265	62	29	18	8	4	2	10.2
110176	215	149	14.65	10	1206	122	26	13	7	6	6	2	1	1	0	10.02
110176	215	150	14.75	10	610	140	23	8	5	0	0	0	0	0	0	5.72
110176	215	151	14.85	9	1341	345	48	8	6	4	1	0	0	0	0	9.12
110176	215	152	14.94	10	10385	580	82	39	20	10	5	5	3	3	2	11.3
110176	216	153	15.04	10	1053	201	28	11	4	3	3	3	1	1	1	3.02
110176	216	154	15.14	10	1734	195	51	13	7	4	2	0	0	0	0	5.02
110176	216	155	15.25	9	2779	402	116	60	33	19	15	13	11	8	7	6.62
110176	216	156	15.33	13	734	194	42	12	6	3	2	0	0	0	0	6.52
110176	216	157	15.46	10	1770	555	196	85	43	26	10	6	5	3	2	2.82
110176	216	158	15.56	10	590	156	53	31	19	15	14	6	4	1	0	3.02
110176	216	159	15.66	13	578	134	40	20	12	6	6	3	2	1	1	1.62
110176	216	160	15.79	11	1009	240	64	39	23	11	6	2	2	2	1	2.72
110176	216	161	15.9	11	1375	345	102	34	10	4	3	1	0	0	0	2.62
110376	101	1	0.05	5	2620	868	244	109	55	25	13	8	3	0	0	3.52
110376	101	2	0.1	5	639	313	162	92	49	39	24	13	6	4	3	0.82
110376	101	3	0.15	5	625	261	142	82	46	28	21	15	12	8	3	1.42
110376	101	4	0.2	5	929	485	242	109	43	18	11	9	7	3	0	2.72
110376	101	5	0.25	5	2381	1006	360	141	57	24	15	6	1	1	1	5.3
110376	101	6	0.3	5	12692	2388	868	324	103	35	17	13	9	4	2	7
110376	101	7	0.35	5	8127	1966	964	490	183	59	31	18	9	2	1	5.9
110376	101	8	0.4	5	787	111	17	8	5	3	2	2	1	0	0	9.02
110376	101	9	0.45	5	3412	1464	614	258	57	4	1	0	0	0	0	23.3
110376	101	10	0.5	5	3586	356	110	53	27	13	9	8	5	5	2	13.8
110376	101	11	0.55	5	545	273	142	90	55	33	25	15	13	8	5	13.7
110376	101	12	0.6	5	1601	860	407	176	61	26	12	8	3	1	1	4.4
110376	101	13	0.65	5	1956	463	115	29	10	8	6	2	2	1	1	10.9
110376	101	14	0.7	5	675	302	128	53	27	19	6	2	1	0	0	11.7
110376	101	15	0.75	5	583	295	133	63	26	14	4	3	1	1	1	12.9
110376	101	16	0.8	5	645	91	36	18	7	5	2	2	1	1	0	1.82
110376	101	17	0.85	5	1571	660	297	143	70	32	19	10	6	1	1	4.3
110376	101	18	0.9	5	4882	2215	1260	568	147	40	25	16	9	5	3	17.9
110376	101	19	0.95	5	1146	495	221	122	46	12	4	1	1	0	0	13.9
110376	102	20	1	5	1162	306	103	54	28	13	6	3	3	3	2	6.7
110376	102	21	1.05	5	4607	1550	450	138	57	25	13	6	4	2	1	9.6
110376	102	22	1.1	5	345	174	80	37	25	9	6	3	2	0	0	9.2
110376	102	23	1.15	5	728	135	25	13	9	8	6	3	2	1	0	9.72
110376	102	24	1.2	5	128	56	23	3	2	1	0	0	0	0	0	4.12
110376	102	25	1.25	5	1218	701	402	222	118	60	31	11	5	1	1	2.5
110376	102	26	1.3	5	495	255	134	61	31	21	12	10	9	5	4	8.2
110376	102	27	1.35	5	1080	251	98	42	27	12	9	3	2	1	0	5.5
110376	102	28	1.4	5	780	214	64	27	16	11	7	3	3	1	1	9.12
110376	102	29	1.45	5	433	227	127	74	39	19	15	10	7	5	3	6.7
110376	102	30	1.5	5	649	309	115	52	27	15	7	6	2	2	1	9
110376	102	31	1.55	5	188	53	29	14	5	1	1	1	0	0	0	2.32
110376	102	32	1.6	5	309	128	62	36	19	12	9	8	6	5	2	5.3
110376	102	33	1.65	5	7871	2993	666	248	131	70	53	36	24	15	7	23.4
110376	102	34	1.7	5	122	75	32	17	9	6	5	3	3	1	1	3.72
110376	102	35	1.75	5	129	36	22	13	5	4	4	2	1	1	0	2.02
110376	102	36	1.8	5	1103	281	146	88	60	47	40	36	31	27	15	1.4
110376	102	37	1.85	5	999	458	222	111	57	37	30	27	25	24	20	14.3
110376	102	38	1.9	5	2059	779	439	260	174	139	116	101	87	81	67	6
110376	102	39	1.95	5	1170	664	439	321	225	154	117	92	76	62	41	8.7
110376	103	40	2	5	3477	1014	345	168	96	70	51	46	43	39	21	11.1
110376	103	41	2.05	10	289	114	53	24	8	5	2	0	0	0	0	3.32
110376	103	42	2.15	15	512	85	30	9	7	6	0	0	0	0	0	2.92
110376	103	43	2.3	15	360	197	102	57	39	31	20	15	10	5	3	4.02
110376	103	44	2.45	15	139	38	19	9	3	2	1	0	0	0	0	0.82
110376	103	45	2.6	15	779	228	65	14	6	2	1	1	1	0	0	3.62
110376	103	46	2.75	20	74	20	9	6	4	2	1	0	0	0	0	1.22
110376	103	47	2.95	15	468	159	70	38	14	8	7	6	6	3	3	3.72
110376	104	48	3.1	15	342	60	10	2	0	0	0	0	0	0	0	1.62
110376	104	49	3.25	15	1248	209	32	8	2	1	0	0	0	0	0	7.62
110376	104	50	3.4	15	1545	82	16	10	4	4	2	0	0	0	0	10.72
110376	104	51	3.55	15	259	32	10	6	2	1	0	0	0	0	0	1.52
110376	104	52	3.7	15	582	158	58	25	8	3	1	1	0	0	0	3.72
110376	104	53	3.85	15	470	170	57	17	6	3	1	1	0	0	0	5.12
110376	104	54	4	15	65	34	9	5	3	2	1	0	0	0	0	1.92
110376	105	55	4.15	20	133	45	17	12	10	10	6	4	2	2	2	0.92
110376	105	56	4.35	20	568	350	296	127	17	9	6	6	6	2	1	2.62
110376	105	57	4.55	15	267	47	10	7	6	4	2	1	1	1	1	1.12
110376	105	58	4.7	15	224	53	22	10	7	6	3	2	1	1	0	1.82
110376	105	59	4.85	11	1138	193	30	13	10	8	6	5	3	2	1	3.12
110376	105	60	4.96	11	430	146	30	10	3	3	2	2	0	0	0	2.72
110376	105	61	5.07	12	325	157	63	15	2	0	0	0	0	0	0	4.82
110376	106	62	5.19	11	190	44	15	7	4	2	2	1	0	0	0	2.52
110376	106	63	5.3	14	5350	1681	503	236	105	56	28	20	14	4	2	4
110376	106	64	5.44	15	5953	906	204	89	51	29	19	8	3	3	1	6.9
110376	106	65	5.59	11	0	0	0	0	0	0	0	0	0	0	0	0.01
110376	106	66	5.7	15	95	29	16	10	7	3	1	0	0	0	0	1.22
110376	106	67	5.85	15	1420	251	30	15	11	4	3	3	2	1	0	8.72
110376	106	68	6	15	8530	3714	296	73	39	17	7	5	2	2	1	9.9
110376	107	69	6.15	20	248	48	11	5	2	2	1	0	0	0	0	1.92
110376	107	70	6.35	15	561	92	34	9	2	1	0	0	0	0	0	3.12
110376	107	71	6.5	20	413	104	23	7	2	0	0	0	0	0	0	2.52
110376	107	72	6.7	15	9137	759	231	110	58	26	14	8	6	3	2	7.4
110376	107	73	6.85	10	1310	209	55	28	14	8	6	3	2	2	2	6.82
110376	107	74	6.95	14	2673	415	26	8	4	3	2	1	1	0	0	15.12
110376	108	75	7.09	14	162	54	19	10	4	0	0	0	0	0	0	1.42
110376	108	76	7.23	11	1601	416	132	58	24	11	8	5	2	1	0	6.32
110376	108	77	7.34	13	486	119	45	19	12	7	3	1	0	0	0	2.72
110376	108	78	7.47	13	1847	457	106	17	10	5	4	1	1	0	0	7.82
110376	108	79	7.6	15	244	74	31	15	9	7	3	2	1	1	1	2.92
110376	108	80	7.75	10	1795	625	206	39	12	6	4	3	1	1	0	6.32
110376	108	81	7.85	13	519	140	40	19	6	2	1	0	0	0	0	2.32
110376	108	82	7.98	12	205	57	27	13	8	7	5	4	1	0	0	1.02
110376	109	83	8.1	12	439	90	25	16	10	7	6	4	1	1	0	3.62
110376	109	84	8.22	13	2145	199	37	19	10	7	6	6	2	1	1	19.82
110376	109	85	8.35	13	486	96	28	15	5	4	1	1	0	0	0	1.82
110376	109	86	8.48	13	464	133	71	49	34	23	15	8	6	3	1	2.82
110376	109	87	8.61	11	847	150	37	11	4	1	0	0	0	0	0	4.02
110376	109	88	8.72	13	2871	395	44	18	12	8	6	5	4	1	1	11.12
110376	109	89	8.85	17	2590	369	104	53	25	16	10	7	2	1	1	13.32
110376	109	90	9.02	16	568	132	51	28	17	7	3	1	1	0	0	1.72
110376	110	91	9.18	17	1029	408	172	84	41	17	10	5	2	1	0	3.32
110376	110	92	9.35	17	562	177	53	10	4	2	1	1	0	0	0	2.52
110376	110	93	9.52	17	1187	227	54	18	13	9	5	4	4	3	2	2.62
110376	110	94	9.69	16	416	115	71	43	25	19	16	10	6	2	0	0.92
110376	110	95	9.85	11	1637	407	92	34	15	2	2	1	1	1	1	3.62
110376	110	96	9.96	11	2352	397	86	43	27	17	12	6	2	0	0	8.92
110376	111	97	10.07	14	226	64	33	15	7	4	1	1	0	0	0	1.42
110376	111	98	10.21	12	265	97	44	16	7	4	3	1	1	1	1	4.52
110376	111	99	10.33	11	1895	1005	578	316	158	82	38	17	12	4	2	3.1
110376	111	100	10.44	10	1137	432	165	67	29	14	8	4	3	0	0	4.92
110376	111	101	10.54	10	358	71	32	22	11	6	4	4	2	1	0	1.72
110376	111	102	10.64	9	196	59	34	22	12	5	4	2	0	0	0	1.12
110376	111	103	10.73	12	786	442	285	158	85	47	32	17	13	9	5	4.32
110376	111	104	10.85	9	983	302	143	73	30	14	7	5	4	1	1	2.72
110376	111	105	10.94	8	321	90	41	27	16	8	8	7	5	5	1	1.02
110376	111	106	11.02	8	244	58	23	17	9	6	3	2	2	1	0	0.72
110376	112	107	11.1	10	549	100	41	20	12	6	4	4	2	2	1	1.62
110376	112	108	11.2	10	564	94	12	0	0	0	0	0	0	0	0	5.32
110376	112	109	11.3	9	689	93	14	4	1	0	0	0	0	0	0	3.02
110376	112	110	11.39	9	404	55	14	7	3	3	0	0	0	0	0	1.22
110376	112	111	11.48	8	1013	423	175	76	27	11	5	4	3	3	1	3.92
110376	112	112	11.57	9	940	127	32	15	5	3	2	0	0	0	0	2.12
110376	112	113	11.65	10	511	79	28	15	9	5	4	3	2	2	2	1.32
110376	112	114	11.75	10	891	241	84	28	10	5	2	1	0	0	0	2.52
110376	112	115	11.85	14	277	69	30	19	15	13	12	8	2	0	0	1.02
110376	112	116	11.99	13	922	257	88	39	17	11	9	7	4	2	0	1.92
110376	112	117	12.12	11	426	120	38	21	12	12	7	4	4	4	2	1.12
110376	113	118	12.23	12	395	60	13	6	3	2	2	1	0	0	0	2.52
110376	113	119	12.35	12	688	175	42	17	10	1	0	0	0	0	0	4.82
110376	113	120	12.47	12	783	200	28	10	6	3	2	1	1	1	0	4.22
110376	113	121	12.59	13	0	0	0	0	0	0	0	0	0	0	0	0.01
110376	113	122	12.72	13	4640	1565	595	259	116	52	27	15	8	5	4	5.9
110376	113	123	12.85	17	156	49	14	7	4	2	0	0	0	0	0	2.22
110376	113	124	13.02	17	1810	785	400	208	114	55	29	21	17	9	3	3.2
110376	114	125	13.19	16	449	105	22	11	9	6	4	3	3	1	1	2.52
110376	114	126	13.35	17	173	50	15	9	5	1	1	0	0	0	0	1.62
110376	114	127	13.52	17	228	115	60	34	21	12	8	7	3	1	1	2.02
110376	114	128	13.69	16	985	410	192	100	45	22	12	8	4	3	2	4.6
110376	114	129	13.85	11	671	307	143	62	26	11	1	0	0	0	0	6.62
110376	114	130	13.96	12	471	56	20	11	3	0	0	0	0	0	0	3.52
110376	115	131	14.08	11	1377	234	30	11	6	3	2	2	2	2	0	4.52
110376	115	132	14.19	11	0	0	0	0	0	0	0	0	0	0	0	0.01
110376	115	133	14.3	12	280	63	27	9	4	3	1	1	1	1	0	1.62
110376	115	134	14.42	11	788	209	66	33	20	11	8	4	2	2	1	5.52
110376	115	135	14.53	11	146	49	21	6	3	1	1	0	0	0	0	0.92
110376	115	136	14.64	11	96	36	14	9	7	7	7	7	6	4	2	0.72
110376	115	137	14.75	7	482	168	45	16	11	7	4	3	3	2	0	1.72
110376	115	138	14.82	7	1152	405	166	87	48	23	14	10	7	2	0	2.32
110376	115	139	14.89	9	784	202	37	17	12	4	2	2	1	1	1	1.82
110376	115	140	14.98	9	551	57	18	9	5	4	2	2	2	2	1	1.42
110376	301	1	0.16	16	926	388	207	128	89	69	64	60	55	41	38	1.32
110376	301	2	0.28	12	553	217	75	27	7	3	1	1	0	0	0	3.42
110376	301	3	0.38	10	1034	263	77	29	12	7	3	2	2	1	0	1.92
110376	301	4	0.49	11	12857	2805	711	132	33	4	0	0	0	0	0	9.92
110376	301	5	0.69	20	4416	890	152	67	36	28	22	16	13	8	4	3.42
110376	301	6	0.82	13	500	191	99	44	20	8	3	1	1	1	0	1.92
110376	301	7	0.95	13	737	248	87	28	14	12	3	2	1	1	1	2.02
110376	301	8	1.04	9	996	228	71	22	13	8	4	2	1	1	1	1.72
110376	302	9	1.13	9	604	185	69	43	29	25	24	24	20	18	14	1.5
110376	302	10	1.25	12	386	84	26	8	3	0	0	0	0	0	0	1.3
