QUELCCAYA 1976 PARTICLE SIZES PART B

REFERENCES:

Thompson, L.G., E. Mosley-Thompson, P. Grootes, and M. Pourchet. 1984. Tropical glaciers: potential for paleoclimatic reconstruction. Journal of Geophysical Research, 89 (D3), 4638-4646.

Thompson, L.G., E. Mosley-Thompson and Benjamin Morales Arnao. 1984. Major El Ni˝o/Southern Oscillation events recorded in stratigraphy of the tropical Quelccaya Ice Cap. Science, 226 (4670), 50-52.

 Thompson, L. G., E. Mosley-Thompson, J. F. Bolzan and B. R. Koci. 1985. A 1500 year record of tropical precipitation recorded in ice cores from the Quelccaya Ice Cap, Peru. Science, 229(4717), 971-973

Thompson, L.G. and E. Mosley-Thompson. 1987. Evidence of abrupt climatic change during the last 1,500 years recorded in ice cores from the tropical Quelccaya ice cap, Peru. Abrupt Climatic Change - Evidence and Implications, NATO/NSF Workshop volume. D. Reidel Publishing Co., 99-110

Shimada, I., C.B. Schaaf, L.G. Thompson and E. Mosley-Thompson. 1991. Cultural impacts of severe droughts in the prehistoric Andes: Application of a 1,500-year ice core precipitation record. World Archaeology: Archaeology and Arid Environment, 22(3), 247-270. 

Brecher, H.H. and Thompson, L.G. 1993. Measurement of the retreat of Qori Kalis in the tropical Andes of Peru by Terrestrial Photogrammertry. Photogrammetric Engineering and Remote Sensing, 59(6), 1017-1022

Thompson, L.G., M.E. Davis and E. Mosley-Thompson. 1994. Glacial records of global climate: A 1500-year tropical ice core record of climate. Human Ecology, 22(1), 83-95.

DATA DESCRIPTION:


# FILE: quel76b.dat
# Please read the file "README: Quelccaya Snow Pit Data"
# for information on column headings

DATA:

102476	1	1	0.05	5	293	174	100	81	50	33	29	21	124581	97411	63712	47706
102576	1	2	0.1	5	124	53	19	10	5	1	2	3	128656	78257	45278	22238
102576	1	3	0.15	5	110	39	29	21	7	7	10	4	514075	303466	122006	22961
102576	1	4	0.2	5	153	98	44	25	13	9	8	3	96242	72007	43698	23214
102576	1	5	0.25	5	673	200	65	26	13	14	4	5	188129	122643	60116	29578
102576	1	6	0.3	5	239	90	47	29	6	10	2	6	382953	188722	103834	59273
102576	1	7	0.35	5	465	131	48	18	9	9	3	8	194482	123349	78741	43423
102576	1	8	0.4	5	245	77	43	15	14	9	4	5	292104	223190	154413	58318
102576	1	9	0.45	5	96	49	28	9	6	10	6	11	150909	100936	31356	9098
102576	1	10	0.5	5	107	61	32	17	11	8	13	19	151857	97346	72111	42497
102576	1	11	0.55	5	96	60	29	22	7	9	7	2	170877	104038	48040	12689
102576	1	12	0.6	5	83	37	18	15	4	4	4	1	182219	141885	46405	16430
102576	1	13	0.65	5	425	222	132	71	39	15	6	3	140172	50582	37468	29128
102576	1	14	0.7	5	91	43	33	16	0	4	2	0	99403	60151	28027	14242
102576	1	15	0.75	5	650	388	245	99	50	20	9	5	88008	72168	59601	43140
102576	1	16	0.8	5	276	123	56	32	14	6	4	13	42672	27527	18020	9395
102576	1	17	0.85	5	303	158	85	30	25	14	9	4	108002	47771	23984	11455
102576	1	18	0.9	5	62	49	19	2	1	2	0	2	35374	9512	4399	1957
102576	1	19	0.95	5	41	32	8	3	2	2	1	2	60071	11757	4206	2309
102576	1	20	1	5	142	74	34	21	15	4	3	4	90759	25067	9542	7859
102576	2	21	1.05	5	336	166	83	37	16	7	1	1	75776	24514	11270	5438
102576	2	22	1.1	5	82	51	23	20	16	5	4	5	53962	12819	2643	1603
102576	2	23	1.15	5	123	67	33	11	11	4	2	3	134912	75355	54366	41026
102576	2	24	1.2	5	202	53	22	14	11	2	2	1	77489	28930	13120	6899
102576	2	25	1.25	5	299	81	24	9	3	1	2	2	240973	142678	82953	40637
102576	2	26	1.3	5	121	59	32	13	6	1	2	1	138577	86020	50405	17893
102576	2	27	1.35	5	19	13	20	11	6	2	4	3	58742	30754	17826	13349
102576	2	28	1.4	5	111	60	33	8	6	5	4	8	282134	171677	84445	33325
102576	2	29	1.45	5	117	83	44	21	20	11	10	18	63771	44169	32547	22686
102576	2	30	1.5	5	206	114	42	18	5	11	4	6	41131	32899	14427	8124
102576	2	31	1.55	5	66	35	18	8	7	5	2	2	148897	78523	29116	14423
102576	2	32	1.6	5	923	153	26	19	5	9	5	7	87655	41887	18048	14656
102576	2	33	1.65	5	33279	1733	12	0	8	3	0	3	327792	320611	310044	291857
102576	2	34	1.7	5	89	46	34	16	11	4	3	1	131593	121375	49784	16744
102576	2	35	1.75	5	42	15	4	6	3	3	0	1	104326	37246	8544	2692
102576	2	36	1.8	5	156	74	33	20	11	3	3	6	131295	50846	19815	8729
102576	2	37	1.85	5	62	44	17	3	3	3	1	2	75299	26236	5949	3103
102576	2	38	1.9	5	189	59	17	5	2	4	0	1	174576	68484	10802	3566
102576	2	39	1.95	5	183	88	42	25	26	12	6	8	244994	147376	90013	44716
102576	2	40	2	5	143	63	39	12	4	1	1	1	121020	105308	82913	8623
102576	3	41	2.05	5	56	40	17	13	7	2	1	1	245148	165092	76796	11554
102576	3	42	2.1	5	468	97	27	16	6	2	6	3	144329	109222	66213	32071
102576	3	43	2.15	5	72	41	19	16	7	5	5	5	65334	21734	4416	2068
102576	3	44	2.2	5	223	134	73	38	26	18	3	3	120996	75185	41668	31740
102576	3	45	2.25	5	124	60	34	20	6	3	3	3	23498	11314	5764	3116
102576	3	46	2.3	5	81	28	14	2	0	0	1	1	24893	15587	12689	8550
102576	3	47	2.35	5	60	46	25	12	5	5	7	7	42298	25682	14063	4940
102576	3	48	2.4	5	66	24	11	11	9	2	4	5	138416	107537	75650	23982
102576	3	49	2.45	5	600	278	135	126	82	60	42	27	350303	219951	120945	28676
102576	3	50	2.5	5	71	34	18	10	6	4	3	2	148008	82299	34524	4833
102576	3	51	2.55	5	64	28	20	16	9	2	4	3	159362	81431	30331	14749
102576	3	52	2.6	5	59	38	25	15	7	6	3	4	155952	91539	53588	31185
102576	3	53	2.65	5	236	137	98	65	39	22	15	17	98861	76544	54546	16707
102576	3	54	2.7	5	82	51	17	17	6	2	4	5	343066	152862	66216	25632
102576	3	55	2.75	5	94	57	39	28	10	13	3	7	396986	171479	69874	9719
102576	3	56	2.8	5	58	26	7	4	1	1	2	2	476479	250843	102921	22257
102576	3	57	2.85	5	79	30	9	19	19	9	8	5	180973	108900	68160	17466
102576	3	58	2.9	5	29	20	6	5	4	1	0	0	490679	251316	100746	16891
102576	3	59	2.95	5	63	30	16	7	6	4	8	5	729064	359912	133689	23237
102576	3	60	3	5	55	41	27	11	6	4	3	7	332880	122882	45364	12922
102576	4	61	3.05	5	115	50	30	16	14	16	3	5	513383	234521	75377	16772
102576	4	62	3.1	5	78	42	14	10	5	1	2	1	494986	213695	81063	17313
102576	4	63	3.15	5	55	25	8	6	8	1	4	2	378208	184775	85564	20399
102576	4	64	3.2	5	79	49	38	13	7	3	4	4	171324	98381	49437	22134
102576	4	65	3.25	5	30	19	5	5	3	0	0	1	426313	199155	58253	8855
102576	4	66	3.3	5	109	71	39	41	33	15	3	5	436842	165308	48488	11568
102576	4	67	3.35	5	59	33	21	14	9	9	3	4	210662	117729	55486	13915
102576	4	68	3.4	5	66	35	19	30	11	5	1	0	89853	70495	19286	6061
102576	4	69	3.45	5	25	12	4	4	4	0	3	4	76154	74028	25279	7523
102576	4	70	3.5	5	24	11	11	6	0	2	0	0	184976	139868	116238	22082
102576	4	71	3.55	6	10	1	0	1	1	0	1	0	52054	8918	3354	1728
102676	4	72	3.61	10	89	40	23	6	7	3	1	0	176332	86942	38884	21380
102676	4	73	3.71	12	16	7	3	3	0	0	1	0	23278	10121	4885	1270
102676	4	74	3.83	11	3	2	1	1	0	0	0	0	45145	24328	10250	4765
102676	4	75	3.94	11	82	29	14	6	2	4	1	1	190409	102026	28128	8787
102676	5	76	4.05	7	57	26	16	6	8	5	4	7	144493	77002	27158	8608
102676	5	77	4.12	7	99	43	30	13	7	0	1	2	64311	26320	8251	2958
102676	5	78	4.19	10	70	28	19	2	9	2	0	1	143055	85379	50293	25008
102676	5	79	4.29	10	44	12	5	5	0	2	3	0	83499	56259	36212	29827
102676	5	80	4.39	10	54	32	14	5	7	5	9	3	204943	118572	65940	34477
102676	5	81	4.49	10	698	143	21	9	2	0	1	0	124372	60651	32253	18154
102676	5	82	4.59	10	69	35	17	12	18	8	8	5	150297	75866	29459	9098
102676	5	83	4.69	6	12	2	1	2	0	0	1	4	37547	19748	5462	1371
102676	5	84	4.75	10	6	8	2	2	2	2	2	0	59162	39347	17215	4579
102676	5	85	4.85	10	44	9	6	1	0	1	1	1	59754	35795	14798	4358
102676	5	86	4.95	10	6	0	1	1	0	0	0	0	23711	9924	2523	629
102676	6	87	5.05	12	48	18	10	8	1	2	0	0	69123	23435	15907	10292
102676	6	88	5.17	13	92	39	27	8	9	4	5	3	253556	161762	76312	11070
102676	6	89	5.3	15	17	3	5	1	1	0	0	2	35480	18410	9138	5236
102676	6	90	5.45	15	79	40	16	2	2	3	2	3	161059	86797	50106	24601
102676	6	91	5.6	15	78	16	3	2	0	0	0		161197	65414	43072	29227
102676	6	92	5.75	15	95	34	11	7	6	3	0	4	122965	76084	30412	10180
102676	6	93	5.9	15	57	67	55	13	1	1	3	2	38580	6777	4001	2779
102676	7	94	6.05	12	16	12	7	2	0	0	0	0	51233	31740	19140	8888
102676	7	95	6.17	9	60	21	12	10	4	8	3	7	174430	102151	46952	10663
102676	7	96	6.26	10	58	21	11	8	4	4	2	9	107137	71014	41124	12964
102676	7	97	6.36	10	37	19	7	9	2	2	1	0	96712	50729	23224	8055
102676	7	98	6.46	10	51	21	8	9	6	3	3	1	196173	117761	40311	12878
102676	7	99	6.56	10	4	3	1	1	1	1	1	0	29685	13209	4480	676
102676	7	100	6.66	10	51	25	12	9	7	5	4	0	261514	176354	78687	29412
102676	7	101	6.76	10	76	43	24	10	6	0	2	0	139514	63537	28011	7834
102676	7	102	6.86	10	34	13	11	10	2	2	2	4	161700	78271	30270	5953
102676	7	103	6.96	9	32	18	16	8	12	1	3	2	127421	67217	26855	7318
102676	8	104	7.05	10	2	2	0	1	0	0	0	0	49234	32089	9085	2065
102676	8	105	7.15	10	332	216	127	87	49	29	9	1	325408	235434	170754	77071
102676	8	106	7.25	8	118	63	30	21	11	13	3	4	60149	25591	6346	2537
102676	8	107	7.33	12	258	130	62	39	13	9	8	5	211943	124136	62094	25519
102676	8	108	7.45	13	22	12	9	4	0	3	1	0	176973	111582	37581	10838
102676	8	109	7.58	13	137	20	6	7	5	3	2	8	111380	58567	18707	5656
102676	8	110	7.71	7	9	4	7	1	1	3	2	1	50444	19655	5332	1867
102676	8	111	7.78	15	114	59	30	16	4	6	7	6	77411	31122	10683	4146
102676	8	112	7.93	12	80	34	31	9	6	9	4	1	129171	55935	23404	11115
102676	9	113	8.05	10	61	22	19	3	3	3	2	1	67401	36268	11491	3293
102676	9	114	9.15	10	54	35	15	8	5	3	4	2	56186	29576	14916	3899
102676	9	115	8.25	5	23	11	4	2	2	0	0	3	46902	27524	6506	1897
102676	9	116	8.3	10	98	29	10	2	6	3	5	3	188022	107587	32902	11769
102676	9	117	8.4	10	22	7	3	2	2	2	1	2	67617	38128	13375	2833
102676	9	118	8.5	12	39	13	7	3	4	1	2	2	70593	45305	20849	7324
102676	9	119	8.62	5	104	66	29	19	10	6	7	14	67182	39448	19659	8434
102676	9	120	8.67	10	35	23	15	5	7	0	3	2	104497	50308	23794	10205
102676	9	121	8.77	10	33	14	10	4	1	6	1	2	91098	30475	8208	2330
102676	9	122	8.87	11	29	14	5	2	1	4	1	5	100965	58453	15607	3208
102676	9	123	8.98	7	18	12	9	3	0	3	2	3	50953	34194	15179	4171
102676	10	124	9.05	12	49	40	24	20	17	0	0	0	134878	73354	34107	18122
102676	10	125	9.17	12	26	21	7	1	4	1	2	5	80402	38862	15798	3665
102776	10	126	9.29	14	200	88	50	40	23	17	7	6	137056	62558	16830	5165
102776	10	127	9.43	13	7	8	1	2	1	0	1	0	29126	11821	3762	1072
102776	10	128	9.56	14	26	15	7	3	3	0	1	2	36657	21332	9247	2736
102776	10	129	9.7	12	263	51	28	18	12	4	2	2	58828	32862	17689	7821
102776	10	130	9.82	12	91	37	23	2	0	2	0	1	79912	46767	23283	7871
102776	10	131	9.94	11	205	104	34	16	9	1	2	1	161312	73721	31887	15092
102776	11	132	10.05	8	43	27	4	7	2	5	5	0	157907	65116	25956	11033
102776	11	133	10.13	9	101	64	23	5	2	3	3	3	126701	40843	24886	12744
102776	11	134	10.22	12	111	59	31	9	7	6	4	4	102095	50070	33541	14088
102776	11	135	10.34	12	8	5	1	2	0	0	2	0	34492	7624	1325	467
102776	11	136	10.4	8	47	16	12	9	0	1	4	1	79574	15071	5965	2275
102776	11	137	10.48	8	50	22	15	7	2	2	1	2	144982	69162	35748	12259
102776	11	138	10.56	10	41	28	11	11	5	6	4	12	125155	58552	30129	8393
102776	11	139	10.66	10	35	19	11	8	3	2	3	1	91902	17898	6524	2501
102776	11	140	10.76	10	39	17	3	5	2	4	0	1	42359	12612	6468	2973
102776	11	141	10.86	9	7	6	3	1	1	1	0	3	51283	20152	5992	1698
102776	11	142	10.95	10	97	55	28	7	12	14	6	15	108807	53515	23244	9493
102776	12	143	11.05	14	79	46	21	9	12	8	7	3	47237	24118	9526	3272
102776	12	144	11.19	15	40	26	10	4	7	4	2	1	104394	49253	23386	9197
102776	12	145	11.34	14	49	23	8	8	4	2	0	0	136247	65082	23254	5302
102776	12	146	11.48	14	7	8	6	7	1	0	0	2	117673	40178	11019	2284
102776	12	147	11.62	14	124	99	40	22	14	10	15	8	169282	82838	42222	29284
102776	12	148	11.76	11	28	11	4	2	1	1	1	0	36110	11614	7957	5706
102776	12	149	11.87	9	48	21	11	8	5	4	3	2	67123	10970	4785	2245
102776	12	150	11.96	9	45	30	13	5	3	4	2	1	27631	5990	2767	1443
102776	13	151	12.05	7	8	2	3	0	0	0	0	0	19689	8237	2717	779
102776	13	152	12.12	10	152	76	35	11	3	5	2	0	113952	48157	15701	5986
102776	13	153	12.22	10	105	58	15	19	12	15	12	20	102648	33183	7851	4900
102776	13	154	12.32	10	31	18	2	4	1	1	0	0	76147	25501	5786	1079
102776	13	155	12.42	5	50	27	13	5	2	2	1	1	72525	23170	3137	1669
102776	13	156	12.47	10	5	2	2	2	0	0	0	1	23846	11520	2823	738
102776	13	157	12.57	10	10	13	7	4	0	1	0	0	45753	22262	14231	6438
102776	13	158	12.67	11	37	25	12	9	2	2	2	2	130024	62974	20573	5044
102776	13	159	12.78	5	193	71	36	13	6	5	5	3	95290	40613	17235	7831
102776	13	160	12.83	8	74	52	26	17	12	5	0	4	155767	81833	53151	35718
102776	13	161	12.91	7	199	97	54	22	14	7	2	2	154981	81967	39041	17678
102776	13	162	12.98	7	27	39	65	11	11	4	4	5	28770	16822	7094	2083
102776	14	163	13.05	9	38	17	13	1	1	2	1	3	124015	74122	45104	16125
102776	14	164	13.14	11	65	39	28	6	3	0	3	2	85365	63228	30319	8960
102776	14	165	13.25	10	22	9	2	3	1	1	1	0	40566	22712	8804	3040
102776	14	166	13.35	11	114	95	45	26	14	11	8	8	140137	81598	30311	10153
102776	14	167	13.46	10	6	2	1	2	0	0	0	0	33295	16520	9016	2729
102776	14	168	13.56	10	66	40	7	7	6	1	0	7	178649	80409	27657	6489
102776	14	169	13.66	10	37	23	11	4	1	1	0	3	218561	119214	46741	1829
102776	14	170	13.76	9	83	41	16	11	9	8	3	9	201821	109268	43327	20913
102776	14	171	13.85	9	9	6	2	0	1	0	0	0	26792	13948	7524	4960
102776	14	172	13.94	11	17	6	1	2	0	0	0	0	27806	17643	7119	2369
102776	15	173	14.05	9	46	8	7	2	4	1	1	0	99042	37901	10108	5341
102776	15	174	14.14	9	12	4	2	1	0	1	0	2	39810	22928	10140	3839
102776	15	175	14.23	9	9	5	5	1	2	4	0	0	33454	18313	6877	2216
102776	15	176	14.32	6	13	3	4	2	4	0	2	2	44087	20186	10013	3916
102776	15	177	14.38	7	14	14	13	6	3	3	2	2	102111	43103	15790	4129
102776	15	178	14.45	6	24	15	2	4	3	3	0	0	114282	64810	30607	9698
102776	15	179	14.51	6	8	5	0	1	2	4	0	4	29603	18536	10702	7145
102776	15	180	14.57	12	148	64	31	15	9	8	11	8	204862	107850	52614	27735
102776	15	181	14.69	12	4	1	0	0	0	0	0	0	33868	20473	6228	1824
102776	15	182	14.81	4	71	33	22	14	10	4	8	6	199487	106245	43766	13011
102776	15	183	14.85	10	117	42	24	13	9	7	8	9	225411	141838	80977	42040
102976	201	1	0	5	46	13	10	5	3	1	0	0	103871	68729	26696	7656
102976	201	2	0.05	5	94	39	35	18	7	8	5	7	70048	29427	6902	2424
102976	201	3	0.1	5	105	65	30	20	8	6	2	7	116247	44377	27525	14041
102976	201	4	0.15	5	53	31	24	8	8	2	0	1	58903	11056	6859	4254
102976	201	5	0.2	5	36	11	9	5	5	4	0	2	101789	43164	15827	4368
102976	201	6	0.25	5	6	2	2	2	2	1	0	1	21051	6885	5170	3001
102976	201	7	0.3	5	29	22	10	5	2	1	3	7	62451	11451	2100	1054
102976	201	8	0.35	5	18	4	9	2	2	0	0	0	56676	6422	1328	653
102976	201	9	0.4	5	151	63	24	4	4	4	1	3	104938	52230	38783	23503
102976	201	10	0.45	5	47	27	14	7	6	6	1	5	65145	8419	2845	1519
102976	201	11	0.5	5	22	13	5	2	0	1	1	0	39937	3273	1370	659
102976	201	12	0.55	5	60	30	16	18	10	5	6	5	15470	6157	3269	1782
102976	201	13	0.6	5	5	6	1	1	0	0	0	0	58116	43144	27371	11328
102976	201	14	0.65	5	10	1	1	1	0	0	0	1	22608	13620	3126	1440
102976	201	15	0.7	5	59	24	14	14	5	7	5	5	12742	5840	3163	1782
102976	201	16	0.75	5	57	36	15	12	6	8	0	0	26868	13333	6822	2849
102976	201	17	0.8	5	16	7	5	4	0	0	0	0	10762	4484	2441	1206
102976	201	18	0.85	5	10	6	1	1	0	0	1	2	10907	4314	2075	904
102976	201	19	0.9	5	22	6	2	4	0	1	2	1	121621	103313	48437	6721
102976	201	20	0.95	5	19	5	0	0	1	0	0	0	45241	15586	9056	5336
102976	202	21	1	5	37	19	8	5	1	4	1	1	64887	11153	3157	1407
102976	202	22	1.05	5	33	18	9	1	1	0	0	0	106715	52731	32249	18793
102976	202	23	1.1	5	127	45	8	3	4	2	2	0	82778	25445	12365	7051
102976	202	24	1.15	5	6	4	0	0	0	0	0	0	18201	7223	2503	938
102976	202	25	1.2	5	16	11	3	1	1	1	1	1	91464	21219	3489	1797
102976	202	26	1.25	5	28	10	8	2	5	1	5	8	70355	16679	3624	2314
102976	202	27	1.3	5	12	6	5	2	0	0	0	0	55665	7614	1327	602
102976	202	28	1.35	5	18	3	2	0	3	0	0	0	52056	7136	1131	586
102976	202	29	1.4	5	1	1	0	0	0	0	0	0	109786	20256	364	86
102976	202	30	1.45	5	56	32	21	7	4	3	4	1	30649	28245	7681	3247
102976	202	31	1.5	5	43	26	15	4	3	1	1	1	90529	35499	9224	5051
102976	202	32	1.55	5	77	44	13	5	5	4	4	0	68262	20646	3513	2211
102976	202	33	1.6	5	39	13	8	4	0	1	1	3	69727	23048	1930	917
102976	202	34	1.65	5	34	13	10	4	1	1	3	1	68798	17786	4984	3214
102976	202	35	1.7	5	1	1	0	0	0	0	0	2	17498	8312	6132	5073
102976	202	36	1.75	5	6	2	0	0	0	0	1	0	26782	15812	6202	1088
102976	202	37	1.8	5	42	13	8	2	2	1	0	1	85175	28829	9837	2818
102976	202	38	1.85	5	40	14	6	3	5	3	11	27	80394	26848	6177	2133
102976	202	39	1.9	5	38	20	6	6	9	3	12	24	165828	74643	42628	16869
102976	202	40	1.95	5	22	14	9	7	2	3	6	4	100915	33303	11375	5080
102976	203	41	2	11	44	24	17	17	7	7	8	8	134052	58074	35988	23842
102976	203	42	2.11	11	2	3	0	1	0	0	5	0	36704	21679	10384	4012
102976	203	43	2.22	15	9	2	1	0	0	0	0	1	28246	14883	5969	1683
102976	203	44	2.37	8	35	15	13	8	3	5	2	6	148472	67111	17532	2624
102976	203	45	2.45	9	12	2	6	1	0	5	4	23	51553	27035	8087	1944
102976	203	46	2.54	11	40	32	13	9	1	3	2	1	101297	70395	36668	13122
102976	203	47	2.65	9	31	11	3	6	4	3	1	1	59034	31365	13511	3650
102976	203	48	2.74	11	11	2	1	0	1	2	0	1	73837	48233	24656	6142
102976	203	49	2.85	15	49	10	3	2	1	0	1	0	32625	19618	9180	5297
102976	204	50	3	14	0	0	0	0	0	0	0	0	0	0	0	0
102976	204	51	3.14	14	12	2	0	2	3	2	0	0	51064	23926	7828	2218
102976	204	52	3.28	14	14	15	2	0	3	1	0	0	80256	44670	21831	8865
102976	204	53	3.42	14	59	9	1	0	0	2	0	0	27051	11165	5492	3300
102976	204	54	3.56	11	9	1	1	0	1	1	1	0	36859	16944	8201	3163
102976	204	55	3.7	15	34	15	4	2	3	4	1	0	106286	33020	4009	1533
102976	204	56	3.85	10	5	3	4	0	4	0	1	1	36815	13707	5060	2999
102976	204	57	3.95	10	12	1	3	1	0	0	0	1	25253	8564	2945	1357
102976	205	58	4.05	10	4	2	1	1	1	0	0	1	38889	16541	5670	1559
102976	205	59	4.15	10	17	12	8	4	5	4	1	0	58036	29636	13721	4164
102976	205	60	4.25	10	38	6	5	3	0	1	0	0	101673	49767	20948	5461
102976	205	61	4.35	10	15	3	1	1	0	0	0	1	64328	25393	5007	1240
102976	205	62	4.45	10	7	1	3	1	4	3	0	0	69317	35437	14046	3974
102976	205	63	4.55	10	11	9	0	2	0	1	2	2	48579	22227	7713	1683
102976	205	64	4.65	10	6	3	1	0	0	0	0	0	64932	26573	9273	3160
102976	205	65	4.75	10	5	2	0	1	1	1	0	2	60142	24746	9139	3504
102976	205	66	4.85	15	2	0	1	0	0	0	0	0	37966	12143	4520	2219
102976	206	67	5	15	6	3	1	1	0	0	0	0	27411	9505	3696	2002
102976	206	68	5.15	14	7	3	2	2	0	0	2	0	32308	11047	3275	708
102976	206	69	5.29	10	141	70	38	13	16	6	6	2	148650	65014	23909	12622
102976	206	70	5.39	14	21	9	7	3	1	2	5	12	51855	21473	6428	1676
110176	206	71	5.53	15	7	2	1	4	1	1	2	4	71159	21572	7563	3076
110176	206	72	5.68	17	2	1	1	0	2	0	0	0	25635	13039	4529	930
110176	206	73	5.85	15	9	7	2	0	2	0	0	0	50809	24599	7491	1318
110176	207	74	6	15	23	4	3	4	2	1	1	0	49565	21093	7011	2269
110176	207	75	6.15	15	10	3	1	0	1	0	1	2	63251	20717	5128	1480
110176	207	76	6.3	13	16	5	3	0	1	0	0	1	74332	30209	8509	2994
110176	207	77	6.43	15	8	9	3	1	0	0	0	1	52408	24489	9150	3707
110176	207	78	6.58	15	9	1	1	0	1	1	0	2	49363	23475	9911	3888
110176	207	79	6.73	12	11	5	0	2	2	0	1	2	71388	22518	10809	5598
110176	207	80	6.85	7	16	10	5	1	0	0	1	1	28331	12541	3665	1013
110176	208	81	6.92	8	5	1	1	0	0	0	0	0	22297	8265	3202	1526
110776	208	82	7	9	9	6	3	3	3	0	1	5	28376	12581	3237	728
110176	208	83	7.09	8	13	9	5	2	2	1	1	3	94668	29354	8422	1961
110176	208	84	7.17	10	9	3	2	1	1	0	1	0	32348	16557	6086	1791
110176	208	85	7.27	10	10	3	9	0	0	0	0	1	35178	14762	5210	1428
110176	208	86	7.37	10	18	10	3	5	4	0	2	6	71562	26825	12178	5879
110176	208	87	7.47	8	8	8	2	1	3	0	2	27	48739	21957	7583	2014
110176	208	88	7.55	10	18	6	3	3	2	0	3	1	72439	31723	8181	1801
110176	208	89	7.65	10	7	3	1	2	0	1	0	1	36361	16563	4890	1634
110176	208	90	7.75	10	3	5	1	2	1	1	1	1	31942	17424	3803	786
110176	208	91	7.85	9	25	12	13	7	3	2	3	2	53683	29120	10872	2852
110176	208	92	7.94	13	10	4	3	1	2	1	0	1	55436	18874	6592	2394
110176	209	93	8.07	13	5	1	5	4	0	0	2	10	40839	21811	9771	4653
110176	209	94	8.2	13	18	8	3	0	1	1	1	0	42570	17922	5729	2051
110176	209	95	8.33	13	10	6	1	1	0	0	1	0	37852	16234	5917	2111
110176	209	96	8.46	13	19	9	8	4	1	1	2	0	39490	17347	7297	3948
110176	209	97	8.59	13	14	14	4	4	3	1	0	3	62084	25282	7573	2224
110176	209	98	8.72	13	12	10	6	2	2	2	0	1	32142	16355	6401	1753
110176	209	99	8.85	13	65	45	32	29	25	12	4	6	77545	47170	28022	12000
110176	209	100	8.98	13	147	85	50	28	18	10	4	1	64196	27929	13166	6225
110176	210	101	9.11	15	31	30	19	12	7	5	0	2	21389	7844	1707	519
110176	210	102	9.26	15	13	2	2	4	1	2	1	0	40227	14132	5302	1898
110176	210	103	9.41	15	68	25	18	6	10	7	3	1	150332	67981	35683	16619
110176	210	104	9.56	14	119	58	32	11	13	6	2	7	73622	11302	5111	2711
110176	210	105	9.7	13	17	6	2	0	2	2	0	1	42716	15180	5190	1510
110176	210	106	9.85	9	3	4	1	2	1	1	0	0	33235	16974	8997	5239
110176	210	107	9.94	13	15	7	8	1	4	3	4	7	53498	20820	11974	4610
110176	211	108	10.07	16	4	2	0	1	0	0	0	0	53280	20397	7845	3202
110176	211	109	10.23	8	61	36	22	11	8	3	5	0	53580	25210	12374	5927
110176	211	110	10.31	9	9	12	5	1	0	0	0	0	70149	25295	15494	5930
110176	211	111	10.4	9	4	2	0	0	0	0	1	0	26091	13122	8191	5045
110176	211	112	10.49	9	12	8	5	2	2	0	1	0	31816	18104	6090	1622
110176	211	113	10.58	12	8	1	3	0	0	0	0	0	22223	5880	1594	681
110176	211	114	10.7	7	12	6	4	2	1	0	0	0	18607	7582	4155	2370
110176	211	115	10.77	8	61	32	13	8	12	4	2	1	138655	47388	7940	2304
110176	211	116	10.85	11	50	16	14	4	1	3	0	0	24917	15502	10778	5715
110176	211	117	10.96	10	12	4	1	4	1	0	1	2	22235	15735	11254	6676
110176	212	118	11.06	11	0	0	0	0	0	0	0	0	0	0	0	0
110176	212	119	11.17	11	5	2	2	0	1	0	0	1	29879	11100	5579	1894
110176	212	120	11.28	12	7	3	2	3	0	3	1	16	21291	7099	2619	899
110176	212	121	11.4	10	27	16	5	5	8	8	7	4	42477	21155	8816	3272
110176	212	122	11.5	13	6	1	4	1	2	0	1	0	41455	18378	10598	4333
110176	212	123	11.63	11	30	4	0	2	1	1	0	2	24373	13974	7258	2790
110176	212	124	11.74	11	21	9	3	0	0	2	0	1	36302	21204	12921	6526
110176	212	125	11.85	13	0	0	1	0	0	0	0	0	17762	7381	3123	799
110176	212	126	11.98	13	16	10	4	1	0	2	0	1	34302	16644	8581	3479
110176	213	127	12.11	15	5	3	2	0	0	0	0	0	27565	15986	7116	2311
110176	213	128	12.26	15	254	122	48	16	13	7	4	0	140595	65228	28535	7884
110176	213	129	12.41	15	4	3	0	0	0	1	0	1	29157	7384	3726	2218
110176	213	130	12.56	15	3	1	1	0	0	0	1	0	14625	4101	1546	612
110176	213	131	12.71	14	0	4	2	1	0	0	0	0	58042	30146	10706	2681
110176	213	132	12.85	9	15	10	5	4	3	3	1	3	33377	24329	14668	6741
110176	213	133	12.94	10	11	3	5	3	2	0	2	2	41884	30822	11688	2137
110176	214	134	13.04	10	11	3	3	2	1	0	0	2	23973	14501	4790	1053
110176	214	135	13.14	11	5	3	2	1	0	0	1	0	21458	8073	5347	3475
110176	214	136	13.25	12	82	11	5	2	0	0	2	0	89195	26989	8752	4515
110176	214	137	13.37	11	16	8	3	3	1	0	1	0	138038	96219	35212	9266
110176	214	138	13.48	12	16	3	0	0	0	0	1	0	31457	23468	13285	2098
110176	214	139	13.6	12	99	56	30	20	23	11	8	4	86427	43818	24099	7796
110176	214	140	13.72	9	97	70	25	13	11	4	4	5	52589	16632	7086	3259
110176	214	141	13.81	8	51	22	7	8	2	1	1	0	26631	11046	2667	870
110176	214	142	13.89	10	75	34	19	12	10	3	4	5	117601	43881	19379	6996
110176	214	143	13.99	10	64	24	21	10	3	10	6	9	63373	22744	9350	5003
110176	215	144	14.09	9	11	5	1	0	1	0	0	0	41034	18175	9890	5083
110176	215	145	14.18	9	47	20	12	4	0	2	4	2	51152	30209	18887	8884
110176	215	146	14.27	13	82	11	8	7	2	0	0	0	110188	31081	19324	16199
110176	215	147	14.4	13	66	18	21	9	6	4	2	0	149440	73451	30059	8093
110176	215	148	14.53	12	707	203	33	11	10	4	2	2	132613	65820	47200	22151
110176	215	149	14.65	10	6	1	0	4	1	0	1	0	20029	12075	8635	5692
110176	215	150	14.75	10	3	5	0	0	0	0	0	0	21050	10792	4626	2032
110176	215	151	14.85	9	2	2	3	1	0	0	0	0	45591	14766	6749	3517
110176	215	152	14.94	10	19	10	5	0	2	0	1	2	145425	91604	63524	38241
110176	216	153	15.04	10	7	1	0	0	2	0	0	1	74564	34968	15243	4466
110176	216	154	15.14	10	6	3	2	2	0	0	0	0	75836	34989	16429	8009
110176	216	155	15.25	9	27	14	4	2	2	3	1	7	83754	42081	23558	11610
110176	216	156	15.33	13	6	3	1	2	0	0	0	0	31917	11276	4654	1794
110176	216	157	15.46	10	42	17	16	4	1	2	1	2	137280	63121	23963	6444
110176	216	158	15.56	10	12	4	1	8	2	3	1	0	29955	19681	7983	2179
110176	216	159	15.66	13	8	6	0	3	1	1	0	1	103143	36887	13067	3065
110176	216	160	15.79	11	16	12	5	4	0	0	1	1	112276	37006	9730	2919
110176	216	161	15.9	11	24	6	1	2	1	0	0	0	102807	52985	20561	6083
110376	101	1	0.05	5	54	30	12	5	5	3	0	0	152539	73884	21350	6191
110376	101	2	0.1	5	43	10	15	11	7	2	1	3	113355	75857	26836	3783
110376	101	3	0.15	5	36	18	7	6	3	4	5	3	81571	43840	7840	1733
110376	101	4	0.2	5	66	25	7	2	2	4	3	0	60365	33789	9089	2168
110376	101	5	0.25	5	84	33	9	9	5	0	0	1	129970	44782	19022	6064
110376	101	6	0.3	5	221	68	18	4	4	5	2	2	279885	181559	117308	57482
110376	101	7	0.35	5	307	124	28	13	9	7	1	1	205110	137291	116022	47590
110376	101	8	0.4	5	3	2	1	0	1	1	0	0	12957	8734	5083	2311
110376	101	9	0.45	5	201	53	3	1	0	0	0	0	77616	14643	9405	5896
110376	101	10	0.5	5	26	14	4	1	3	0	3	2	85262	26030	19393	12286
110376	101	11	0.55	5	35	22	8	10	2	5	3	5	56299	3977	2054	1067
110376	101	12	0.6	5	115	35	14	4	5	2	1	0	67667	11137	5459	2957
110376	101	13	0.65	5	19	2	2	4	0	1	0	1	66195	17933	13360	7386
110376	101	14	0.7	5	26	8	13	4	1	1	0	0	60811	5784	2726	1390
110376	101	15	0.75	5	37	12	10	1	2	0	0	1	12106	4521	2221	1136
110376	101	16	0.8	5	11	2	3	0	1	0	1	0	90540	35329	14534	5155
110376	101	17	0.85	5	73	38	13	9	4	5	0	1	58351	36456	15015	4387
110376	101	18	0.9	5	421	107	15	9	7	4	2	3	68796	27291	18513	13264
110376	101	19	0.95	5	76	34	8	3	0	1	0	0	22433	8254	4607	2492
110376	102	20	1	5	26	15	7	3	0	0	1	2	38449	17234	9538	3241
110376	102	21	1.05	5	81	32	12	7	2	2	1	1	89876	48068	23568	11241
110376	102	22	1.1	5	12	16	3	3	1	2	0	0	31502	3762	1613	729
110376	102	23	1.15	5	4	1	2	3	1	1	1	0	30994	7529	4692	2173
110376	102	24	1.2	5	1	1	1	0	0	0	0	0	13858	3104	1280	398
110376	102	25	1.25	5	104	58	29	20	6	4	1	0	76849	9771	3991	2112
110376	102	26	1.3	5	30	10	9	2	1	4	1	4	52698	6035	2344	928
110376	102	27	1.35	5	15	15	3	6	1	1	1	0	74988	19502	9048	2952
110376	102	28	1.4	5	11	5	4	4	0	2	0	1	25512	8598	5596	2771
110376	102	29	1.45	5	35	20	4	5	3	2	2	3	59175	6489	1603	884
110376	102	30	1.5	5	25	12	8	1	4	0	1	1	62662	7194	2702	1430
110376	102	31	1.55	5	9	4	0	0	1	0	0	0	36817	8331	2827	879
110376	102	32	1.6	5	17	7	3	1	2	1	3	2	62626	5815	2071	831
110376	102	33	1.65	5	117	61	17	17	12	9	8	7	102105	33566	20939	13526
110376	102	34	1.7	5	8	3	1	2	0	2	0	1	12618	3337	752	202
110376	102	35	1.75	5	8	1	0	2	1	0	1	0	16027	6612	5110	1416
110376	102	36	1.8	5	28	13	7	4	5	4	12	15	150499	80895	33372	8935
110376	102	37	1.85	5	54	20	7	3	2	1	4	20	16460	6983	3937	2070
110376	102	38	1.9	5	86	35	23	15	14	6	14	67	64091	34347	17662	7159
110376	102	39	1.95	5	96	71	37	25	16	14	21	41	42925	13479	5452	2382
110376	103	40	2	5	72	26	19	5	3	4	18	21	67131	31420	11369	6547
110376	103	41	2.05	10	16	3	3	2	0	0	0	0	21029	8743	2914	1007
110376	103	42	2.15	15	2	1	6	0	0	0	0	0	35882	17642	8705	3477
110376	103	43	2.3	15	18	8	11	5	5	5	2	3	30560	9035	3192	1076
110376	103	44	2.45	15	6	1	1	1	0	0	0	0	49515	17234	5488	1120
110376	103	45	2.6	15	8	4	1	0	0	1	0	0	48443	21671	7869	2592
110376	103	46	2.75	20	2	2	1	1	0	0	0	0	22644	6063	1233	301
110376	103	47	2.95	15	24	6	1	1	0	3	0	3	38763	12690	3885	1371
110376	104	48	3.1	15	2	0	0	0	0	0	0	0	66725	21404	4400	1358
110376	104	49	3.25	15	6	1	1	0	0	0	0	0	33712	16506	9519	4756
110376	104	50	3.4	15	6	0	2	2	0	0	0	0	32819	14404	8990	5697
110376	104	51	3.55	15	4	1	1	0	0	0	0	0	57273	17524	6297	1875
110376	104	52	3.7	15	17	5	2	0	1	0	0	0	45513	15581	4755	1693
110376	104	53	3.85	15	11	3	2	0	1	0	0	0	25742	9138	2274	1063
110376	104	54	4	15	2	1	1	1	0	0	0	0	14592	3406	577	185
110376	105	55	4.15	20	2	0	4	2	2	0	0	2	61725	14662	2803	640
110376	105	56	4.35	20	110	8	3	0	0	4	1	1	49237	21901	7519	1912
110376	105	57	4.55	15	1	2	2	1	0	0	0	1	82190	25087	6164	1433
110376	105	58	4.7	15	3	1	3	1	1	0	1	0	31503	12362	3184	823
110376	105	59	4.85	11	3	2	2	1	2	1	1	1	105820	36685	17788	6888
110376	105	60	4.96	11	7	0	1	0	2	0	0	0	33286	15643	7096	1868
110376	105	61	5.07	12	13	2	0	0	0	0	0	0	17890	6835	1969	624
110376	106	62	5.19	11	3	2	0	1	1	0	0	0	19035	7573	2526	795
110376	106	63	5.3	14	131	49	28	8	6	10	2	2	219186	133917	51149	13744
110376	106	64	5.44	15	38	22	10	11	5	0	2	1	166847	86512	39788	19044
110376	106	65	5.59	11	0	0	0	0	0	0	0	0	0	0	0	0
110376	106	66	5.7	15	3	4	2	1	0	0	0	0	20310	7616	1311	348
110376	106	67	5.85	15	4	7	1	0	1	1	1	0	28766	16384	8006	3141
110376	106	68	6	15	34	22	10	2	3	0	1	1	183254	86237	36643	15631
110376	107	69	6.15	20	3	0	1	1	0	0	0	0	25890	13180	4235	1164
110376	107	70	6.35	15	7	1	1	0	0	0	0	0	40986	18137	6269	2688
110376	107	71	6.5	20	5	2	0	0	0	0	0	0	37191	16811	4556	1335
110376	107	72	6.7	15	52	32	12	6	2	3	1	2	215459	122957	59287	30180
110376	107	73	6.85	10	14	6	2	3	1	0	0	2	47331	19333	7636	4064
110376	107	74	6.95	14	4	1	1	1	0	1	0	0	46976	17755	8817	6109
110376	108	75	7.09	14	6	4	0	0	0	0	0	0	24816	11465	3315	859
110376	108	76	7.23	11	34	13	3	3	3	1	1	0	35843	25308	12649	5341
110376	108	77	7.34	13	7	5	4	2	1	0	0	0	31568	18096	7219	2205
110376	108	78	7.47	13	7	5	1	3	0	1	0	0	49900	23812	11285	5750
110376	108	79	7.6	15	6	2	4	1	1	0	0	1	21796	8500	2002	670
110376	108	80	7.75	10	27	6	2	1	2	0	1	0	62093	28590	9778	3999
110376	108	81	7.85	13	13	4	1	1	0	0	0	0	47683	22586	6299	1642
110376	108	82	7.98	12	5	1	2	1	3	1	0	0	42401	19748	6221	1192
110376	109	83	8.1	12	6	3	1	2	3	0	1	0	33187	12310	4982	1912
110376	109	84	8.22	13	9	3	1	0	4	1	0	1	30250	10853	5583	4276
110376	109	85	8.35	13	10	1	3	0	1	0	0	0	46985	27078	9909	2872
110376	109	86	8.48	13	15	11	8	7	2	3	2	1	34984	16575	6712	2128
110376	109	87	8.61	11	7	3	1	0	0	0	0	0	60437	21214	11338	4405
110376	109	88	8.72	13	6	4	2	1	1	3	0	1	51156	25817	16325	10208
110376	109	89	8.85	17	28	9	6	3	5	1	0	1	42849	19480	11350	7190
110376	109	90	9.02	16	11	10	4	2	0	1	0	0	76979	32786	13422	3580
110376	110	91	9.18	17	43	24	7	5	3	1	1	0	72856	31529	10468	2955
110376	110	92	9.35	17	6	2	1	0	1	0	0	0	54493	22354	5404	1774
110376	110	93	9.52	17	5	4	4	1	0	1	1	2	111238	44928	13983	4286
110376	110	94	9.69	16	18	6	3	6	4	4	2	0	108769	48433	14711	3005
110376	110	95	9.85	11	19	13	0	1	0	0	0	1	80760	45598	20187	6902
110376	110	96	9.96	11	16	10	5	6	4	2	0	0	40741	26419	16592	8999
110376	111	97	10.07	14	8	3	3	0	1	0	0	0	31220	15872	6685	1485
110376	111	98	10.21	12	9	3	1	2	0	0	0	1	49800	5948	1606	589
110376	111	99	10.33	11	158	76	44	21	5	8	2	2	127569	61303	14990	4913
110376	111	100	10.44	10	38	15	6	4	1	3	0	0	62504	23353	9432	3086
110376	111	101	10.54	10	11	5	2	0	2	1	1	0	31816	21658	8277	2375
110376	111	102	10.64	9	10	7	1	2	2	0	0	0	36478	17190	2947	603
110376	111	103	10.73	12	73	38	15	15	4	4	4	5	33084	18072	6322	1990
110376	111	104	10.85	9	43	16	7	2	1	3	0	1	97651	36891	9377	3131
110376	111	105	10.94	8	11	8	0	1	2	0	4	1	55932	31929	9861	1722
110376	111	106	11.02	8	8	3	3	1	0	1	1	0	77540	32718	9190	1672
110376	112	107	11.1	10	8	6	2	0	2	0	1	1	68610	34831	13965	3432
110376	112	108	11.2	10	0	0	0	0	0	0	0	0	35714	10638	4705	2092
110376	112	109	11.3	9	3	1	0	0	0	0	0	0	45651	23034	9593	3229
110376	112	110	11.39	9	4	0	3	0	0	0	0	0	75944	32976	10615	2373
110376	112	111	11.48	8	49	16	6	1	1	0	2	1	64340	25868	9881	3143
110376	112	112	11.57	9	10	2	1	2	0	0	0	0	84400	44577	17684	4876
110376	112	113	11.65	10	6	4	1	1	1	0	0	2	94210	39255	12891	3120
110376	112	114	11.75	10	18	5	3	1	1	0	0	0	90446	35912	9906	2750
110376	112	115	11.85	14	4	2	1	4	6	2	0	0	73910	28537	6898	1387
110376	112	116	11.99	13	22	6	2	2	3	2	2	0	123242	48278	13691	3535
110376	112	117	12.12	11	9	0	5	3	0	0	2	2	97686	37384	12199	2693
110376	113	118	12.23	12	3	1	0	1	1	0	0	0	34612	15947	4906	1352
110376	113	119	12.35	12	7	9	1	0	0	0	0	0	32010	14217	5785	2297
110376	113	120	12.47	12	4	3	1	1	0	0	1	0	50597	18614	4912	1717
110376	113	121	12.59	13	0	0	0	0	0	0	0	0	0	0	0	0
110376	113	122	12.72	13	143	64	25	12	7	3	1	4	135984	78372	33341	13989
110376	113	123	12.85	17	3	2	2	0	0	0	0	0	20949	7236	1534	532
110376	113	124	13.02	17	94	59	26	8	4	8	6	3	111123	56675	21001	6185
110376	114	125	13.19	16	2	3	2	1	0	2	0	1	57568	17718	5050	1634
110376	114	126	13.35	17	4	4	0	1	0	0	0	0	36771	11157	2883	720
110376	114	127	13.52	17	13	9	4	1	4	2	0	1	32342	11600	2078	579
110376	114	128	13.69	16	55	23	10	4	4	1	1	2	77073	21228	4582	2203
110376	114	129	13.85	11	36	15	10	1	0	0	0	0	24922	10180	3679	1853
110376	114	130	13.96	12	8	3	0	0	0	0	0	0	29866	13467	7096	2792
110376	115	131	14.08	11	5	3	1	0	0	0	2	0	65665	30407	13660	5889
110376	115	132	14.19	11	0	0	0	0	0	0	0	0	0	0	0	0
110376	115	133	14.3	12	5	1	2	0	0	0	1	0	34122	17992	5798	1661
110376	115	134	14.42	11	13	9	3	4	2	0	1	1	28579	14288	6067	2850
110376	115	135	14.53	11	3	2	0	1	0	0	0	0	34469	15676	3920	655
110376	115	136	14.64	11	2	0	0	0	1	2	2	2	42774	14046	2316	415
110376	115	137	14.75	7	5	4	3	1	0	1	2	0	71227	27716	6159	1349
110376	115	138	14.82	7	39	25	9	4	3	5	2	0	121173	50599	14690	3822
110376	115	139	14.89	9	5	8	2	0	1	0	0	1	100505	44551	12421	2483
110376	115	140	14.98	9	4	1	2	0	0	0	1	1	107283	39816	10079	2501
110376	301	1	0.16	16	39	20	5	4	5	14	3	38	144709	69873	20529	3691
110376	301	2	0.28	12	20	4	2	0	1	0	0	0	46404	16129	5355	1625
110376	301	3	0.38	10	17	5	4	1	0	1	1	0	118943	53321	16905	3810
110376	301	4	0.49	11	99	29	4	0	0	0	0	0	155316	129796	95763	48999
110376	301	5	0.69	20	31	8	6	6	3	5	4	4	205146	128359	55327	15378
110376	301	6	0.82	13	24	12	5	2	0	0	1	0	74746	26512	8871	2236
110376	301	7	0.95	13	14	2	9	1	1	0	0	1	67540	36578	14946	3881
110376	301	8	1.04	9	9	5	4	2	1	0	0	1	99685	59183	24735	5529
110376	302	9	1.13	9	14	4	1	0	4	2	4	14	82986	38982	12058	2855
110376	302	10	1.25	12	5	3	0	0	0	0	0	0	61487	30095	8920	2013
