QUELCCAYA 1977 PARTICLE SIZES PART C

REFERENCES:

Thompson, L.G., E. Mosley-Thompson, P. Grootes, and M. Pourchet. 1984. Tropical glaciers: potential for paleoclimatic reconstruction. Journal of Geophysical Research, 89 (D3), 4638-4646.

Thompson, L.G., E. Mosley-Thompson and Benjamin Morales Arnao. 1984. Major El Ni隳/Southern Oscillation events recorded in stratigraphy of the tropical Quelccaya Ice Cap. Science, 226 (4670), 50-52.

 Thompson, L. G., E. Mosley-Thompson, J. F. Bolzan and B. R. Koci. 1985. A 1500 year record of tropical precipitation recorded in ice cores from the Quelccaya Ice Cap, Peru. Science, 229(4717), 971-973

Thompson, L.G. and E. Mosley-Thompson. 1987. Evidence of abrupt climatic change during the last 1,500 years recorded in ice cores from the tropical Quelccaya ice cap, Peru. Abrupt Climatic Change - Evidence and Implications, NATO/NSF Workshop volume. D. Reidel Publishing Co., 99-110

Shimada, I., C.B. Schaaf, L.G. Thompson and E. Mosley-Thompson. 1991. Cultural impacts of severe droughts in the prehistoric Andes: Application of a 1,500-year ice core precipitation record. World Archaeology: Archaeology and Arid Environment, 22(3), 247-270. 

Brecher, H.H. and Thompson, L.G. 1993. Measurement of the retreat of Qori Kalis in the tropical Andes of Peru by Terrestrial Photogrammertry. Photogrammetric Engineering and Remote Sensing, 59(6), 1017-1022

Thompson, L.G., M.E. Davis and E. Mosley-Thompson. 1994. Glacial records of global climate: A 1500-year tropical ice core record of climate. Human Ecology, 22(1), 83-95.

DATA DESCRIPTION:


# FILE: quel77c.dat
# Please read the file "README: Quelccaya Snow Pit Data"
# for information on column headings

DATA:

91577	11	1	0.04	4	2763	877	374	154	72	29	12	3	3	2	1	1	4.12
91577	11	2	0.09	5	1560	383	101	40	16	11	10	7	5	3	3	2	3.52
91577	11	3	0.14	5	759	305	96	35	16	10	5	3	3	2	0	0	10.52
91577	11	4	0.22	8	1425	498	222	84	30	4	2	0	0	0	0	0	4.42
91577	11	5	0.3	8	687	259	85	28	17	9	7	4	3	3	2	1	9.22
91577	11	6	0.38	8	64	33	17	11	6	0	0	0	0	0	0	0	12.02
91577	11	7	0.44	7	655	222	80	47	24	16	7	5	4	2	2	1	9.32
91577	11	8	0.53	8	216	97	53	29	17	13	5	2	1	1	0	0	13.12
91577	11	9	0.61	8	223	105	49	24	13	6	3	2	1	1	0	0	15.62
91577	11	10	0.68	7	164	77	39	22	9	5	4	2	0	0	0	0	8.42
91577	11	11	0.76	8	877	175	47	22	10	6	2	0	0	0	0	0	9.82
91577	11	12	0.84	8	594	184	79	43	24	16	6	0	0	0	0	0	4.12
91577	11	13	0.92	8	111	52	32	11	5	2	1	1	1	1	1	0	15.72
91577	11	14	0.99	7	64	30	19	9	6	4	2	2	2	2	1	0	8.62
91577	11	15	1.07	8	87	50	31	20	10	7	3	3	1	1	1	1	19.32
91577	11	16	1.14	7	295	173	102	67	53	33	20	11	1	0	0	0	19.12
91577	11	17	1.22	8	186	79	38	19	10	6	3	2	1	0	0	0	9.42
91577	11	18	1.31	9	338	134	66	37	13	6	2	0	0	0	0	0	3.72
91577	11	19	1.39	8	70	27	14	8	3	0	0	0	0	0	0	0	3.82
91577	11	20	1.49	10	373	125	64	41	31	26	21	21	1	1	0	0	5.92
91577	11	21	1.58	9	616	150	55	27	16	9	4	3	1	1	0	0	3.12
91577	11	22	1.67	9	463	233	135	70	35	18	11	6	3	1	0	0	3.62
91577	11	23	1.74	7	667	105	40	22	9	3	1	1	1	1	1	1	1.02
91577	11	24	1.81	7	223	72	25	8	7	3	2	1	0	0	0	0	0.82
91577	11	25	1.88	7	358	153	77	35	7	1	0	0	0	0	0	0	4.12
91577	11	26	1.97	9	552	136	30	10	2	1	1	1	0	0	0	0	1.12
91577	11	27	2.03	6	612	93	27	13	10	9	5	4	3	2	2	0	1.32
91577	11	28	2.08	5	3217	921	284	97	29	9	6	6	4	3	2	0	2.02
91577	11	29	2.17	9	1579	417	126	50	28	9	6	4	3	1	1	1	1.92
91577	11	30	2.25	8	1828	482	109	25	10	4	4	3	1	1	1	0	3.62
91577	12	1	0.04	4	4079	1021	319	146	74	37	17	8	7	4	3	1	2.92
91577	12	2	0.1	6	1318	358	88	38	18	12	6	2	1	1	0	0	2.12
91577	12	3	0.17	7	129	78	43	29	17	8	5	4	2	1	1	1	15.22
91577	12	4	0.25	8	2441	778	294	114	56	21	15	7	4	3	1	0	3.12
91577	12	5	0.32	7	281	157	81	35	11	6	4	3	3	2	1	1	19.32
91577	12	6	0.37	5	52	31	14	7	5	3	2	1	0	0	0	0	18.82
91577	12	7	0.45	8	728	264	112	62	28	9	5	4	3	3	2	0	20.32
91577	12	8	0.54	9	62	36	25	17	11	9	9	4	4	4	4	2	16.82
91577	12	9	0.59	5	782	565	302	93	34	13	5	1	0	0	0	0	48.72
91577	12	10	0.67	8	53	34	23	18	13	8	4	3	2	0	0	0	16.62
91577	12	11	0.73	6	96	55	32	23	13	8	3	1	1	0	0	0	17.12
91577	12	12	0.79	6	1631	988	213	30	8	6	2	2	2	2	1	0	22.42
91577	12	13	0.87	8	146	97	57	36	25	21	19	18	17	13	12	11	27.72
91577	12	14	0.94	7	42	26	18	8	6	6	4	3	3	3	2	2	15.72
91577	12	15	1	6	1075	472	135	28	13	6	5	4	3	1	1		21.22
91577	12	16	1.08	8	167	98	49	22	9	5	2	2	1	0	0		19.62
91577	12	17	1.15	7	190	43	18	14	8	5	4	4	3	3	1	0	1.52
91577	12	18	1.22	7	337	114	49	30	21	13	9	6	5	4	2	1	4.12
91577	12	19	1.28	6	3320	1149	287	51	16	8	5	2	0	0	0	0	7.42
91577	12	20	1.37	9	274	59	30	17	11	3	0	0	0	0	0	0	1.62
91577	12	21	1.44	7	496	136	44	15	3	0	0	0	0	0	0	0	4.42
91577	12	22	1.5	6	6410	1307	74	17	11	6	6	4	1	1	1	1	15.82
91577	12	23	1.57	7	2821	871	87	12	2	2	0	0	0	0	0	0	14.02
91577	12	24	1.65	8	259	109	60	36	22	18	11	9	4	1	0	0	5.22
91577	12	25	1.72	7	480	143	63	37	29	19	19	16	14	12	12	11	3.12
91577	12	26	1.8	8	1998	619	122	38	21	17	12	10	8	6	3	2	5.22
91577	12	27	1.87	7	3574	982	102	35	26	20	17	13	11	11	10	9	5.82
91577	12	28	1.97	10	1760	316	37	19	13	11	7	6	6	5	5	3	2.52
91577	12	29	2.04	7	2052	951	412	146	57	36	34	29	24	19	10	5	5.92
91577	12	30	2.12	8	9293	1193	227	71	34	15	10	9	5	5	2	0	1.62
91577	12	31	2.18	6	3057	791	254	92	36	11	2	0	0	0	0	0	2.32
91677	13	1	0.05	5	2174	836	213	67	28	14	9	3	2	1	1	1	5.72
91677	13	2	0.15	10	7090	2241	922	566	407	287	181	108	80	55	28	14	2.92
91677	13	3	0.25	10	2628	311	88	43	24	12	6	0	0	0	0	0	0.62
91677	13	4	0.35	10	2773	1050	421	155	59	15	4	1	1	1	1	0	6.82
91677	13	5	0.45	10	719	75	17	8	3	1	1	1	1	1	1	1	0.42
91677	13	6	0.55	10	395	177	84	55	31	19	11	4	2	0	0	0	15.42
91677	13	7	0.65	10	1814	847	212	53	29	13	4	2	1	0	0	0	21.82
91677	13	8	0.75	10	661	252	68	21	13	4	1	0	0	0	0	0	9.42
91677	13	9	0.85	10	146	82	47	23	14	8	3	1	0	0	0	0	21.42
91677	13	10	0.95	10	569	311	169	68	21	6	2	1	0	0	0	0	21.52
91677	13	11	1.05	10	2741	1029	353	113	30	10	2	1	1	1	0	0	5.82
91677	13	12	1.15	10	2190	229	49	21	16	9	2	1	1	1	0	0	0.62
91677	13	13	1.25	10	564	150	46	14	4	2	2	0	0	0	0	0	7.62
91677	13	14	1.35	10	352	131	70	41	21	11	2	2	2	1	1	0	0.92
91677	13	15	1.45	10	7194	2389	376	101	48	18	5	1	1	1	1	1	18.32
91677	13	16	1.55	10	420	159	77	34	19	11	9	2	1	0	0	0	2.52
91677	13	17	1.65	10	419	139	79	49	26	13	7	4	2	0	0	0	1.32
91677	13	18	1.75	10	4161	1771	363	66	41	32	27	25	25	20	11	5	5.22
91677	13	19	1.85	10	2172	777	284	66	26	13	10	7	4	4	2	0	2.82
91677	13	20	1.95	10	1033	404	177	90	57	25	16	9	5	3	1	0	2.52
91677	13	21	2.05	10	1054	233	53	18	13	3	2	1	1	1	0	0	2.62
91677	13	22	2.15	10	846	145	39	14	7	4	2	2	1	1	1	1	0.82
91677	13	23	2.25	10	1113	340	156	83	42	25	14	9	6	4	3	1	1.52
91677	13	24	2.35	10	3406	1040	413	144	45	23	12	8	6	5	1	0	2.82
