QUELCCAYA 1977 PARTICLE SIZES PART B

REFERENCES:

Thompson, L.G., E. Mosley-Thompson, P. Grootes, and M. Pourchet. 1984. Tropical glaciers: potential for paleoclimatic reconstruction. Journal of Geophysical Research, 89 (D3), 4638-4646.

Thompson, L.G., E. Mosley-Thompson and Benjamin Morales Arnao. 1984. Major El Nińo/Southern Oscillation events recorded in stratigraphy of the tropical Quelccaya Ice Cap. Science, 226 (4670), 50-52.

 Thompson, L. G., E. Mosley-Thompson, J. F. Bolzan and B. R. Koci. 1985. A 1500 year record of tropical precipitation recorded in ice cores from the Quelccaya Ice Cap, Peru. Science, 229(4717), 971-973

Thompson, L.G. and E. Mosley-Thompson. 1987. Evidence of abrupt climatic change during the last 1,500 years recorded in ice cores from the tropical Quelccaya ice cap, Peru. Abrupt Climatic Change - Evidence and Implications, NATO/NSF Workshop volume. D. Reidel Publishing Co., 99-110

Shimada, I., C.B. Schaaf, L.G. Thompson and E. Mosley-Thompson. 1991. Cultural impacts of severe droughts in the prehistoric Andes: Application of a 1,500-year ice core precipitation record. World Archaeology: Archaeology and Arid Environment, 22(3), 247-270. 

Brecher, H.H. and Thompson, L.G. 1993. Measurement of the retreat of Qori Kalis in the tropical Andes of Peru by Terrestrial Photogrammertry. Photogrammetric Engineering and Remote Sensing, 59(6), 1017-1022

Thompson, L.G., M.E. Davis and E. Mosley-Thompson. 1994. Glacial records of global climate: A 1500-year tropical ice core record of climate. Human Ecology, 22(1), 83-95.

DATA DESCRIPTION:


# FILE: quel77b.dat
# Please read the file "README: Quelccaya Snow Pit Data"
# for information on column headings

DATA:

91577	11	1	0.04	4	43	17	9	0	1	1	0	1	52629	21196	7926
91577	11	2	0.09	5	5	1	3	2	2	0	1	2	21590	10831	5082
91577	11	3	0.14	5	6	5	2	0	1	2	0	0	6513	2917	1393
91577	11	4	0.22	8	26	2	2	0	0	0	0	0	28761	11420	5024
91577	11	5	0.3	8	8	2	3	1	0	1	1	1	3371	2819	1795
91577	11	6	0.38	8	6	0	0	0	0	0	0	0	925	274	133
91577	11	7	0.44	7	8	9	2	1	2	0	1	1	5550	2387	1413
91577	11	8	0.53	8	4	8	3	1	0	1	0	0	1757	740	412
91577	11	9	0.61	8	7	3	1	1	0	1	0	0	1603	671	384
91577	11	10	0.68	7	4	1	2	2	0	0	0	0	2903	916	412
91577	11	11	0.76	8	4	4	2	0	0	0	0	0	2452	1789	1486
91577	11	12	0.84	8	8	10	6	0	0	0	0	0	5746	4508	2056
91577	11	13	0.92	8	3	1	0	0	0	0	1	0	774	331	191
91577	11	14	0.99	7	2	2	0	0	0	1	1	0	2113	348	137
91577	11	15	1.07	8	3	4	0	2	0	0	0	1	745	259	165
91577	11	16	1.14	7	20	13	9	10	1	0	0	0	1727	905	492
91577	11	17	1.22	8	4	3	1	1	1	0	0	0	3031	837	394
91577	11	18	1.31	9	7	4	2	0	0	0	0	0	10519	3624	996
91577	11	19	1.39	8	3	0	0	0	0	0	0	0	1799	704	242
91577	11	20	1.49	10	5	5	0	20	0	1	0	0	7539	2124	876
91577	11	21	1.58	9	7	5	1	2	0	1	0	0	15855	4883	1654
91577	11	22	1.67	9	17	7	5	3	2	1	0	0	15938	6457	1333
91577	11	23	1.74	7	6	2	0	0	0	0	0	1	27334	10023	3081
91577	11	24	1.81	7	4	1	1	1	0	0	0	0	25142	8810	1968
91577	11	25	1.88	7	6	1	0	0	0	0	0	0	9074	3737	1608
91577	11	26	1.97	9	1	0	0	1	0	0	0	0	24871	12406	3326
91577	11	27	2.03	6	1	4	1	1	1	0	2	0	12165	7285	2261
91577	11	28	2.08	5	20	3	0	2	1	1	2	0	124164	47014	13372
91577	11	29	2.17	9	19	3	2	1	2	0	0	1	52137	22373	6740
91577	11	30	2.25	8	6	0	1	2	0	0	1	0	28282	13496	6022
91577	12	1	0.04	4	37	20	9	1	3	1	2	1	85233	35606	11464
91577	12	2	0.1	6	6	6	4	1	0	1	0	0	64606	17374	4525
91577	12	3	0.17	7	9	3	1	2	1	0	0	1	1476	512	225
91577	12	4	0.25	8	35	6	8	3	1	2	1	0	76502	24763	6635
91577	12	5	0.32	7	5	2	1	0	1	1	0	1	2460	813	455
91577	12	6	0.37	5	2	1	1	1	0	0	0	0	741	165	78
91577	12	7	0.45	8	19	4	1	1	0	1	2	0	2389	1302	1092
91577	12	8	0.54	9	2	0	5	0	0	0	2	2	736	214	112
91577	12	9	0.59	5	21	8	4	1	0	0	0	0	3419	1161	945
91577	12	10	0.67	8	5	4	1	1	2	0	0	0	976	205	108
91577	12	11	0.73	6	5	5	2	0	1	0	0	0	1072	321	160
91577	12	12	0.79	6	2	4	0	0	0	1	1	0	13412	4416	2290
91577	12	13	0.87	8	4	2	1	1	4	1	1	11	883	350	218
91577	12	14	0.94	7	0	2	1	0	0	1	0	2	725	166	82
91577	12	15	1	6	7	1	1	1	2	0	1	0	11754	2227	1609
91577	12	16	1.08	8	4	3	0	1	1	0	0	0	1406	501	271
91577	12	17	1.15	7	3	1	0	1	0	2	1	0	5077	2836	953
91577	12	18	1.22	7	8	4	3	1	1	2	1	1	7307	2784	1034
91577	12	19	1.28	6	8	3	3	2	0	0	0	0	32819	15505	7575
91577	12	20	1.37	9	8	3	0	0	0	0	0	0	9216	3586	1263
91577	12	21	1.44	7	3	0	0	0	0	0	0	0	5525	3101	1373
91577	12	22	1.5	6	5	0	2	3	0	0	0	1	12121	8251	6954
91577	12	23	1.57	7	0	2	0	0	0	0	0	0	9708	6239	4252
91577	12	24	1.65	8	4	7	2	5	3	1	0	0	5499	2082	700
91577	12	25	1.72	7	10	0	3	2	2	0	1	11	7687	4620	1678
91577	12	26	1.8	8	4	5	2	2	2	3	1	2	18379	11850	5435
91577	12	27	1.87	7	6	3	4	2	0	1	1	9	27934	16888	8179
91577	12	28	1.97	10	2	4	1	0	1	0	2	3	19930	12523	4780
91577	12	29	2.04	7	21	2	5	5	5	9	5	5	33035	16034	5505
91577	12	30	2.12	8	19	5	1	4	0	3	2	0	117783	75025	35865
91577	12	31	2.18	6	25	9	2	0	0	0	0	0	85763	34602	10524
91677	13	1	0.05	5	14	5	6	1	1	0	0	1	17506	14547	6556
91677	13	2	0.15	10	120	106	73	28	25	27	14	14	135574	77121	28433
91677	13	3	0.25	10	12	6	6	0	0	0	0	0	104264	55608	19887
91677	13	4	0.35	10	44	11	3	0	0	0	1	0	21664	15350	7552
91677	13	5	0.45	10	2	0	0	0	0	0	0	1	27100	17105	5893
91677	13	6	0.55	10	12	8	7	2	2	0	0	0	2020	1150	659
91677	13	7	0.65	10	16	9	2	1	1	0	0	0	5504	3892	2687
91677	13	8	0.75	10	9	3	1	0	0	0	0	0	3808	2667	1718
91677	13	9	0.85	10	6	5	2	1	0	0	0	0	862	384	244
91677	13	10	0.95	10	15	4	1	1	0	0	0	0	2041	1446	981
91677	13	11	1.05	10	20	8	1	0	0	1	0	0	30754	17738	7932
91677	13	12	1.15	10	7	7	1	0	0	1	0	0	81598	38720	11297
91677	13	13	1.25	10	2	0	2	0	0	0	0	0	3092	1973	1327
91677	13	14	1.35	10	10	9	0	0	1	0	1	0	25360	14434	1884
91677	13	15	1.45	10	30	13	4	0	0	0	0	1	17747	13089	10633
91677	13	16	1.55	10	8	2	7	1	1	0	0	0	18356	6395	1268
91677	13	17	1.65	10	13	6	3	2	2	0	0	0	23858	10488	2355
91677	13	18	1.75	10	9	5	2	0	5	9	6	5	100064	34198	9893
91677	13	19	1.85	10	13	3	3	3	0	2	2	0	65698	27295	9851
91677	13	20	1.95	10	32	9	7	4	2	2	1	0	29941	15901	3450
91677	13	21	2.05	10	10	1	1	0	0	1	0	0	22817	8952	3536
91677	13	22	2.15	10	3	2	0	1	0	0	0	1	34241	17602	4242
91677	13	23	2.25	10	17	11	5	3	2	1	2	1	72544	22767	6053
91677	13	24	2.35	10	22	11	4	2	1	4	1	0	90932	37027	12673
